1
334
829
1309
1909
2271
2876
2969
3866
6932
8628
8663
8727
8870
9736
9759
10684
10797
14304
14558
15884
17159
17580
19429
21149
21639
21888
22547
22831
23013
23081
24934
27277
27583
27622
28504
28728
29061
29674
29745
31210
31650
40622
41238
41755
41957
42065
42080
44009
45828
47532
47745
50010
54609
55015
58874
59145
59414
61895
64046
64144
65028
65583
65668
66630
66888
67958
68254
68862
69398
69630
70270
71543
72168
72399
73967
73991
74262
75122
75657
75949
76079
77187
78299
78822
79197
80073
81660
83171
84181
85651
86940
87173
88005
88586
90680
91022
92022
92229
94406
95957
98155
98746
99047
99862
100158
101481
104085
105130
105214
105631
105981
106447
108495
109947
110983
113802
113955
114001
116269
116477
117298
118602
119542
120070
120487
122219
123610
123831
124760
125275
127507
130223
133152
133686
137020
138659
138754
139356
142317
142439
142708
142983
143861
144644
144940
145523
148615
148731
149420
150078
150545
152170
152743
153255
153396
153928
154378
154591
154913
155688
158774
158867
160413
162427
162825
164600
164700
165343
167050
168820
169858
170053
170311
170441
171017
171300
171660
171847
172835
174589
175281
176527
177694
178949
180998
181587
181885
182124
182617
183472
183860
184711
185089
185982
186543
187148
187253
187881
188469
189141
189652
190046
190783
192131
193127
193265
196926
198895
199924
200655
201576
202351
203548
204306
205300
205401
206611
207622
208123
211087
211931
212296
214099
214295
214698
214799
215258
216379
216968
219521
219924
224713
224721
226608
226725
228501
229443
230700
231482
235070
238159
239372
239908
240992
243937
244161
244504
245532
245757
246076
247372
247559
247765
249539
250164
252452
253144
253985
255192
255416
255420
256689
256891
257313
260095
261188
263901
265100
265760
266406
266558
267386
267534
268150
270641
270725
272453
273867
274813
275734
276483
277439
277480
277785
278231
282689
282808
284453
284705
287446
287940
288893
289374
289962
290026
290194
290660
291249
292627
292723
293302
294187
294593
295007
295886
296464
297987
299038
302965
304390
306525
306765
310323
311508
311512
314358
315222
316081
316328
316803
318589
318695
321939
322562
323610
326074
326974
329919
330497
330721
331256
331425
331751
332315
332988
333677
335347
337514
338993
339587
340471
340923
341734
342537
342860
343240
344963
346221
346618
346981
348861
352347
352376
352821
353377
355274
356561
357253
358511
358907
359386
361001
365177
366170
366460
367693
367921
369204
369284
369601
370568
370686
370729
372237
375139
377099
377249
380292
380631
381177
381785
383210
383648
385546
385891
388647
390652
390665
392686
393448
394075
395408
396237
396591
398536
399704
400029
401796
402082
403346
404214
404518
404797
405428
406330
406815
406873
407238
407982
409578
409620
411040
411838
412728
415376
417280
420015
420057
420278
420412
422277
422574
422659
422943
422947
422964
423305
423733
423852
424682
430393
430432
432666
433800
434761
435593
436065
436776
436982
437145
437256
438638
440844
441155
441619
442826
443237
443402
443452
444136
446200
448276
450702
451929
455822
456180
456449
457236
459060
459230
461021
462090
462348
464572
467328
467932
468341
468911
470253
472215
475715
477869
483166
483696
483893
484253
484607
486199
488277
490708
491734
492573
493337
495562
496130
496794
497415
497816
497895
498324
499016
499560
500270
500661
501070
501445
501591
502635
503727
504017
506122
506490
506749
507569
507656
511524
511541
511744
511821
512616
515483
520633
520940
521512
528066
530383
530563
533332
533579
533579
536547
536749
536861
537814
538479
539465
539807
540418
543464
544225
544977
546559
547584
547991
548906
550242
551752
552148
552828
553095
554352
555159
555508
557437
557905
558061
559512
560127
561674
561898
561959
563724
565229
566770
567122
568795
570119
571403
572034
572398
572959
573107
573799
573827
574382
575342
575467
575498
576071
577008
578157
578815
579075
579088
581512
582162
583482
583923
584548
584635
585883
586935
587059
587795
587957
589701
592232
594586
595486
595804
597875
599315
602981
603193
603221
606986
609218
610698
611035
612695
614046
615148
618558
620520
621316
621989
622575
623406
623732
625920
628005
633741
634768
635743
635967
636178
638062
638792
639044
639632
642710
643198
643916
644796
646112
647951
648570
650918
651221
652174
652393
654853
656492
658176
659288
660487
660746
661535
662748
664884
665464
666153
666760
667498
667953
668520
668709
668988
671473
671736
673298
674083
674601
675657
677946
678416
681825
682243
682405
682560
683077
683147
683669
683756
684565
684593
686217
687164
687751
687806
688735
689455
691323
692196
692447
693385
693443
693526
693784
693982
694209
694217
694619
694930
696684
697706
700962
701910
702131
702159
702220
703332
703362
703675
704195
706559
707353
707369
707747
708215
709617
710946
715493
715934
716677
716744
717634
719862
719975
720024
720401
720599
723031
724240
725103
725340
726174
729276
729294
729786
730428
731616
731657
731788
734858
735226
735606
736644
736923
737015
737369
737881
739248
739307
740130
740481
742716
743340
747143
747544
747599
747841
751404
751902
753099
754788
755538
755778
756030
757600
758378
758649
758727
761529
763604
763696
764372
765169
767026
767125
767130
767295
768202
768247
768396
769874
771179
773321
775263
775855
776737
777769
777970
778612
779337
780184
780206
780537
781025
781442
782167
782516
783611
785834
785935
786431
787059
790011
791918
792460
792810
793186
796329
799612
801663
802984
803276
805273
805419
806547
806726
806734
807788
809888
812265
814274
815746
816754
820098
823613
823989
824802
824872
827249
827273
828160
828265
830860
832030
833591
837184
837463
838618
839207
840360
841200
841252
843029
843381
843440
843496
844544
845190
846775
847143
847359
847784
850586
851579
851589
852841
853317
853716
854286
857167
857815
858367
859711
859854
860368
860994
862415
863066
863295
863793
864590
865050
865129
866796
867133
867786
868426
869221
871999
872438
872544
875150
875961
876209
877164
877325
877605
879702
881394
881616
882073
882623
882777
882851
883551
886562
886704
886840
890584
891271
894751
896127
896497
897346
897390
897676
898195
899008
900635
900836
903950
905024
905276
907136
907868
908251
909449
910869
910873
911602
911986
913238
914939
916601
917483
918371
918596
919124
919792
919861
920224
920601
925378
927202
927226
928642
929252
929789
929865
930681
933975
934088
934357
934690
934804
935523
937757
944335
944649
945002
945102
945723
947344
947652
947758
948044
949122
949521
950893
950939
951344
951841
952114
952127
952595
953359
953784
953831
956703
957646
958794
959377
960770
961619
964382
965027
965178
965517
965924
965932
966549
967329
969096
969239
972736
973428
975522
975533
976037
978268
979994
980600
980859
981995
982207
984190
986062
987274
989831
990247
992040
992369
992878
993412
994056
995467
996509
996747
998228
998286
999328
1001052
1001273
1002248
1003543
1003602
1006155
1007001
1007880
1007918
1008540
1009994
1010594
1013463
1014528
1014835
1017846
1017870
1018324
1018877
1020214
1021182
1022108
1022364
1023809
1024670
1025827
1026992
1029830
1031084
1031571
1032811
1033555
1033870
1034000
1035840
1036348
1036638
1038651
1038770
1039007
1039198
1039909
1040139
1041331
1041943
1042813
1045318
1049798
1051587
1051711
1054227
1054834
1054957
1055728
1056366
1060307
1060491
1061803
1061955
1062062
1062212
1062804
1063994
1064924
1065367
1065683
1065833
1067297
1068957
1069436
1070933
1071255
1073214
1074572
1074646
1074984
1075966
1077475
1077767
1078928
1079010
1079922
1080283
1080511
1081441
1081617
1082081
1083411
1083563
1083908
1084042
1084803
1085081
1085300
1086400
1087001
1088620
1092055
1092590
1093599
1095200
1097120
1098877
1099954
1101293
1101402
1101482
1103316
1105437
1106281
1106798
1107486
1108222
1108720
1110713
1111820
1115881
1116004
1116519
1119638
1119674
1119910
1120690
1121340
1123251
1124200
1125939
1127807
1128119
1129673
1129982
1133264
1133339
1134016
1138363
1138552
1138816
1139022
1139893
1140463
1141700
1141849
1142475
1143663
1144182
1145612
1145676
1145877
1145927
1146288
1150589
1151323
1151455
1151685
1152925
1154185
1154799
1155030
1156042
1156750
1156921
1157974
1159389
1163991
1163992
1164367
1167067
1169906
1172078
1174858
1177628
1177853
1178057
1178781
1181566
1182872
1183754
1184229
1185342
1185690
1185794
1186229
1186608
1187013
1187858
1188162
1190268
1190271
1190496
1190592
1194597
1194922
1195378
1195611
1197056
1197704
1198060
1198748
1201351
1203949
1204919
1205333
1206337
1206623
1207421
1207535
1208901
1210142
1210338
1210433
1210615
1211209
1211721
1212074
1213197
1214620
1217065
1217166
1217916
1219109
1221408
1221675
1221840
1222313
1223106
1223792
1223828
1224277
1227442
1227555
1227800
1228933
1233137
1233345
1235045
1235653
1239030
1241028
1241477
1243551
1244773
1245262
1245851
1246938
1250629
1251335
1255980
1257837
1257898
1258391
1260929
1263460
1263968
1265826
1267443
1268546
1269475
1269951
1271203
1272184
1274279
1274591
1275452
1275755
1276139
1276601
1278730
1278953
1280373
1281374
1283845
1287291
1287323
1288049
1289648
1290661
1291276
1293776
1294991
1295108
1296478
1301681
1302390
1304066
1305624
1306921
1308928
1309408
1310235
1312851
1313568
1313839
1314340
1315238
1315292
1315659
1316617
1317472
1318491
1319408
1320276
1323142
1323263
1324401
1324632
1326394
1327925
1328870
1329441
1331474
1334948
1339162
1339560
1342234
1344566
1344593
1344999
1346302
1346651
1349582
1349690
1351376
1351567
1353275
1353782
1356425
1356858
1357980
1358072
1358808
1359107
1359452
1359536
1360110
1360528
1362526
1363040
1363926
1367659
1367768
1368350
1368557
1368777
1370420
1371126
1371801
1372345
1373714
1374604
1374633
1374691
1374739
1374792
1375146
1375857
1376025
1376455
1378663
1379333
1380025
1381847
1382420
1382762
1383302
1385058
1385298
1386241
1388814
1389889
1391610
1392199
1393046
1393616
1394315
1395759
1397411
1397704
1399690
1399964
1400168
1401247
1401369
1401386
1402164
1402765
1403705
1404925
1405005
1405933
1407367
1408027
1408682
1408796
1408807
1409415
1410676
1412996
1413570
1415170
1417886
1418450
1419612
1420961
1421479
1421568
1422004
1422074
1427087
1428165
1429277
1429379
1430934
1431190
1431324
1432243
1434072
1435975
1435977
1438082
1438450
1439656
1440290
1440295
1440796
1442026
1442394
1442444
1442454
1445244
1445519
1445980
1447853
1447954
1452282
1452444
1452666
1453698
1454007
1454396
1458156
1458624
1458953
1459946
1460049
1460666
1460918
1461034
1461284
1461593
1462200
1464057
1464723
1465898
1466067
1466360
1468306
1469106
1470333
1474197
1474315
1474824
1474906
1475884
1476905
1481177
1482808
1482897
1482936
1483039
1483044
1483591
1483713
1483975
1485079
1487133
1488372
1488493
1488741
1489321
1489424
1491501
1494132
1500322
1500483
1500889
1501289
1504231
1508201
1509587
1510234
1511361
1511804
1514427
1514746
1515119
1515450
1515562
1515914
1516586
1517500
1518119
1519325
1520221
1521300
1522323
1522737
1522843
1522860
1523404
1523564
1524791
1525945
1526642
1528518
1530554
1531177
1531525
1532546
1534414
1535092
1535499
1535697
1535906
1536130
1536645
1536878
1537010
1538177
1538819
1540697
1541018
1545020
1545120
1545229
1545306
1545892
1546124
1547306
1548140
1548290
1549379
1550194
1550271
1550571
1551339
1551780
1554454
1555909
1557685
1557811
1557884
1558401
1559318
1559558
1561932
1562723
1564911
1565354
1567660
1568260
1568675
1569664
1569984
1572842
1573151
1573465
1573780
1575333
1576692
1576724
1578026
1578115
1578879
1582481
1583380
1583977
1584643
1584790
1585010
1585876
1586152
1589401
1589958
1590692
1591305
1591859
1594534
1594948
1597504
1597516
1599708
1600854
1601879
1601954
1602742
1604461
1605848
1606784
1607523
1608853
1610614
1612043
1614737
1615840
1616424
1616490
1617394
1617887
1617982
1620003
1620010
1620689
1621474
1621813
1622049
1622711
1622964
1623130
1623964
1627448
1629840
1629922
1630000
1630500
1630559
1632194
1633323
1636233
1636238
1639461
1640989
1642012
1642191
1642632
1644720
1649657
1649741
1649794
1652741
1653977
1655442
1658418
1660029
1660700
1660761
1661299
1661418
1661560
1663331
1665045
1666485
1667483
1670754
1671040
1671482
1671585
1672750
1672878
1675001
1679211
1679632
1680312
1680541
1681341
1682501
1682712
1689300
1691296
1691540
1693007
1693448
1693821
1694189
1695376
1695846
1697291
1701295
1702744
1704408
1704549
1705004
1705304
1705719
1706197
1707188
1707367
1707842
1709152
1710624
1711149
1711160
1712380
1712998
1713243
1715933
1717069
1718610
1720824
1720898
1721425
1722285
1723087
1723352
1723619
1726883
1727005
1727859
1729093
1730175
1730235
1730536
1730748
1732739
1732998
1733447
1733685
1734096
1734568
1734786
1735892
1739093
1739339
1739367
1741415
1742830
1744428
1745830
1747631
1748219
1748526
1749141
1749151
1749780
1750646
1751036
1751055
1751671
1754051
1755188
1756078
1756718
1759189
1759259
1759294
1760987
1762353
1762833
1763253
1763455
1764766
1766146
1767395
1767931
1768242
1769090
1769629
1769972
1771457
1773271
1775448
1775906
1778970
1779025
1781027
1781595
1781986
1784865
1785901
1786007
1787667
1788135
1788506
1791244
1793544
1796321
1798347
1799524
1800851
1801540
1802547
1804063
1805871
1806137
1806695
1807379
1808100
1808286
1809132
1809754
1813580
1813649
1817087
1817740
1817907
1822369
1822762
1823906
1823997
1827323
1829035
1829952
1830062
1831536
1833014
1834051
1836461
1836979
1837102
1837240
1837604
1838583
1839591
1840501
1841295
1843569
1843866
1846958
1847741
1850362
1850907
1852144
1855255
1855938
1856662
1857379
1858842
1862347
1862497
1862530
1863128
1863426
1864863
1866517
1867359
1868652
1870493
1870593
1870738
1872430
1872991
1874136
1875093
1876161
1877300
1877968
1879674
1881823
1883498
1885545
1886079
1886443
1888426
1888430
1889978
1892330
1894349
1894897
1895542
1896438
1897577
1897597
1897837
1899835
1899850
1900876
1901425
1903302
1903384
1905135
1906451
1907080
1907545
1907963
1908561
1909344
1909456
1910088
1913029
1913107
1913124
1913473
1914121
1915049
1915119
1915515
1915801
1917589
1918566
1920391
1920546
1920739
1921192
1922038
1923599
1929202
1930046
1930191
1931922
1933397
1934511
1935592
1936975
1937075
1938978
1942748
1943623
1943692
1944134
1944256
1944828
1944850
1944871
1946415
1948841
1949578
1950592
1950965
1951643
1952611
1953457
1953844
1954197
1955123
1955755
1956526
1957038
1958690
1959455
1959863
1959867
1960614
1963177
1963979
1964778
1967570
1968290
1970206
1971656
1973585
1975417
1976855
1976956
1977083
1977639
1977940
1978056
1983376
1984274
1984765
1984772
1985772
1985891
1986247
1986254
1989422
1990922
1992143
1992675
1992774
1997391
1999008
1999827
2001009
2001104
2001159
2001489
2002464
2003964
2005771
2007514
2008201
2008428
2009766
2010063
2010859
2011621
2011801
2012387
2012557
2013698
2013848
2015297
2017597
2017636
2018462
2019973
2020092
2020813
2020929
2021156
2021457
2021470
2021521
2022344
2022753
2025383
2026199
2027567
2027724
2027766
2028948
2029074
2030201
2031297
2031742
2032350
2032401
2032645
2032956
2035405
2035587
2036048
2037874
2039135
2039274
2039304
2039569
2041238
2041595
2044006
2044327
2045232
2046479
2046895
2047291
2048963
2049492
2052183
2052381
2052922
2053466
2054278
2054434
2054448
2055395
2055626
2055965
2056114
2057739
2059660
2060575
2061174
2064563
2064601
2064603
2064705
2065369
2065401
2066198
2066466
2067894
2068429
2068641
2068783
2068895
2069031
2069667
2070195
2072249
2072424
2072787
2073496
2074081
2074428
2074604
2076083
2077468
2078098
2078593
2078793
2078824
2079337
2080804
2081897
2083114
2084931
2084971
2085165
2085434
2086651
2090361
2092657
2093440
2094594
2096608
2097286
2101614
2101666
2102523
2103086
2103132
2105150
2105204
2105458
2105669
2107331
2107869
2108053
2108979
2109105
2110967
2111608
2112777
2112827
2113135
2113782
2114139
2115857
2117503
2119322
2122209
2123155
2125857
2129204
2130229
2130887
2131072
2131214
2131255
2131486
2131503
2132321
2132527
2132604
2133294
2133402
2135328
2135572
2136845
2137907
2139045
2139953
2140402
2143747
2143780
2144056
2145641
2146008
2147746
2148960
2149360
2150916
2151900
2154058
2154153
2155379
2156282
2156551
2156575
2156949
2157764
2159094
2159258
2159404
2159803
2160700
2163750
2165548
2168824
2169184
2169271
2169501
2170515
2170593
2171668
2174179
2174413
2174638
2177655
2178127
2178593
2179048
2179209
2179592
2180646
2180654
2182700
2184078
2184814
2185535
2186283
2186639
2189555
2190732
2193750
2193926
2194930
2196108
2196533
2196664
2198801
2199638
2200772
2201115
2203666
2203790
2209056
2209522
2214087
2215877
2216011
2220556
2221334
2222075
2224601
2226319
2226639
2227039
2228674
2228733
2229735
2229968
2230483
2231128
2231530
2232091
2232341
2232705
2235268
2235469
2236520
2236811
2238536
2239221
2239282
2239824
2240462
2240859
2245232
2245402
2248561
2248992
2250259
2250370
2250936
2251406
2252390
2253454
2255254
2257964
2257975
2258502
2259056
2261218
2261304
2262266
2265615
2265961
2266625
2267023
2267115
2267300
2270705
2272184
2272201
2272590
2272982
2276144
2277400
2278367
2280665
2281134
2285476
2285673
2287541
2288024
2288254
2288395
2288520
2289444
2289914
2290100
2290465
2292426
2292616
2292788
2293255
2294805
2295123
2296425
2297179
2298689
2299051
2299923
2301110
2301779
2302121
2302322
2302588
2302940
2303824
2303836
2305088
2306443
2306687
2309257
2310247
2312642
2313818
2314108
2317353
2317560
2318177
2318266
2318554
2323306
2323316
2323418
2323539
2323926
2325510
2325638
2328218
2331839
2334649
2335982
2336664
2338780
2340195
2340385
2340521
2341029
2341764
2344406
2345230
2345530
2347233
2347960
2349113
2349394
2349561
2351376
2351384
2352171
2352225
2352944
2353050
2354864
2354934
2355358
2357028
2359344
2360829
2361090
2362334
2363507
2363913
2363948
2366973
2368089
2368347
2369577
2369681
2369950
2369975
2370296
2370518
2370676
2371100
2372377
2372471
2373854
2373918
2374344
2377064
2378305
2379470
2379970
2381352
2381756
2381963
2383030
2383433
2384746
2385948
2386229
2386958
2386999
2387961
2388009
2388971
2389663
2389683
2389965
2391903
2393320
2395357
2396779
2398013
2400720
2401101
2401230
2401650
2404701
2404752
2404997
2405814
2406830
2407114
2407177
2408841
2409774
2410414
2410788
2411724
2414647
2415238
2418082
2418145
2418622
2418725
2418739
2419631
2421262
2422531
2423908
2424263
2427006
2429342
2432559
2432687
2433327
2435708
2439522
2441300
2441421
2441506
2441602
2441880
2441946
2442242
2442889
2443772
2446101
2446171
2446750
2447829
2448420
2449344
2449976
2450297
2451946
2452806
2453438
2453463
2453779
2454072
2456164
2457932
2458622
2459091
2460383
2460493
2460635
2461547
2467066
2468249
2468285
2468969
2469003
2469491
2471302
2471355
2471993
2472124
2474871
2474995
2475515
2476115
2476515
2477375
2478073
2478348
2480131
2480223
2481568
2481587
2482882
2483397
2485225
2487589
2487678
2487728
2488273
2489611
2491305
2492924
2496448
2496710
2497260
2498352
2498467
2498773
2499649
2500728
2500970
2501066
2502647
2502766
2507042
2508215
2508441
2508602
2509923
2510074
2510434
2510783
2511701
2513135
2514233
2514422
2514516
2515756
2519149
2519945
2520150
2520512
2521712
2521954
2523415
2523953
2524035
2526059
2527246
2527559
2530963
2531289
2531764
2531978
2532076
2532861
2533683
2534441
2536339
2537059
2537219
2537226
2538283
2540105
2541646
2541981
2543985
2545904
2546147
2546743
2548749
2552449
2552563
2552850
2555466
2557285
2557838
2557875
2559607
2564910
2565295
2568897
2569060
2569575
2570485
2570829
2571480
2574382
2575873
2576221
2576888
2577752
2578429
2578802
2578872
2579381
2579403
2579802
2579944
2580786
2580879
2583086
2584218
2586315
2586357
2586459
2586512
2586742
2587930
2589290
2590136
2591136
2591359
2591683
2592581
2595600
2595660
2596800
2597618
2598008
2598667
2598935
2599241
2600163
2600874
2600907
2602381
2603235
2604998
2606995
2610105
2610126
2611878
2612555
2613108
2615431
2617535
2617744
2621015
2621017
2621730
2622026
2622450
2624023
2624080
2626461
2626918
2629629
2630125
2631108
2633899
2634016
2634999
2636584
2637559
2639136
2640922
2641642
2642765
2643968
2644159
2645079
2646386
2646759
2646817
2650117
2650208
2650337
2650391
2650663
2651082
2651314
2655453
2657053
2658585
2659753
2660667
2660982
2662097
2662322
2662383
2664540
2665387
2666478
2667596
2668406
2672690
2675599
2677203
2677446
2679410
2680295
2680465
2681539
2681660
2683730
2684441
2685391
2687173
2687383
2688847
2690227
2691374
2692015
2692612
2693666
2694212
2697370
2698036
2701319
2703078
2707019
2707229
2707852
2708888
2712082
2712538
2714235
2715526
2716386
2716439
2719596
2720611
2722207
2722598
2723224
2724269
2726738
2729436
2730523
2730704
2732473
2732838
2733042
2734545
2735674
2736526
2736617
2738944
2742168
2743399
2744009
2744547
2744716
2749165
2749920
2752130
2752956
2753223
2754736
2756379
2756563
2756933
2757522
2757695
2757987
2758337
2758519
2759400
2760019
2761225
2761667
2762982
2764011
2764841
2765305
2765499
2765559
2765663
2766386
2766464
2766591
2766989
2767670
2768366
2768545
2769792
2769969
2771396
2771955
2772166
2774798
2774992
2775298
2776005
2776380
2779114
2779716
2780545
2781090
2784094
2784224
2784679
2785180
2785437
2785530
2786459
2786953
2788796
2789019
2789621
2789705
2792370
2793654
2794097
2795464
2796342
2797270
2797957
2798222
2798901
2799592
2801118
2801156
2801409
2802995
2803307
2803768
2806861
2808027
2808867
2808992
2809434
2810723
2811899
2811980
2812046
2812925
2813031
2813663
2814144
2814526
2814537
2815054
2815307
2815335
2816136
2816150
2816501
2819487
2819684
2820055
2821377
2821601
2822260
2823256
2823971
2824755
2826169
2828198
2828498
2828677
2829821
2830258
2831022
2832378
2832822
2834153
2835420
2838061
2839723
2842098
2844121
2844377
2844400
2845843
2845958
2845975
2846286
2848180
2848455
2848981
2849159
2849420
2850480
2851029
2853044
2853399
2853665
2854016
2854913
2855614
2855676
2856534
2857625
2857792
2858243
2859121
2860100
2860212
2860393
2861120
2861140
2862027
2862540
2862923
2863501
2863989
2867224
2868490
2868873
2869986
2870257
2870968
2871883
2872533
2872555
2873293
2873956
2876314
2876745
2876756
2877468
2877967
2878276
2878939
2880217
2880420
2881568
2882478
2882608
2884256
2884767
2884940
2888453
2888906
2888973
2889037
2890837
2893002
2893848
2894104
2894307
2896392
2896611
2896918
2897052
2897557
2897728
2897934
2898132
2899074
2900447
2900631
2901270
2901579
2901813
2901905
2902006
2904283
2904440
2904806
2906923
2909354
2911103
2911732
2914061
2915882
2915953
2917224
2918861
2921537
2921582
2921928
2924567
2925221
2926121
2927620
2927675
2929820
2931589
2931812
2932477
2932808
2933537
2934916
2935414
2935439
2936057
2936793
2937575
2938515
2939564
2942457
2943653
2947760
2948245
2948389
2949709
2950767
2951452
2951543
2952624
2952676
2953843
2954240
2954271
2955197
2956735
2959489
2960563
2960777
2961897
2962744
2964056
2966004
2966113
2968166
2968792
2969544
2969771
2970028
2974501
2975004
2975862
2976198
2976497
2977138
2979184
2982562
2982924
2986451
2986526
2989019
2992819
2996076
2997769
2998148
2999458
3000295
3002387
3003161
3003618
3008004
3008316
3009615
3009659
3010453
3015944
3016543
3016731
3018606
3018981
3021760
3022932
3023586
3023611
3023710
3023879
3025181
3025184
3026688
3028808
3030407
3031048
3032231
3032255
3032300
3032468
3033313
3033371
3034833
3035051
3038329
3038498
3038960
3040300
3041103
3041643
3041912
3042004
3042590
3046205
3046826
3048721
3049026
3049283
3053109
3054349
3054447
3056709
3057272
3058042
3058379
3058471
3061177
3062466
3063647
3064279
3064923
3065669
3066402
3066750
3067980
3072020
3073544
3074541
3076318
3076733
3077581
3078097
3078405
3082583
3082671
3085144
3085823
3087564
3088199
3089483
3090315
3092535
3095798
3097213
3097282
3097457
3100488
3103512
3105370
3105936
3109388
3110561
3112957
3113915
3115238
3116053
3117231
3117989
3118101
3120298
3120984
3124389
3126837
3130231
3130719
3130825
3130839
3131030
3132903
3133277
3135398
3136964
3138817
3143944
3144494
3145155
3145388
3145456
3146966
3147298
3147668
3148352
3148434
3148674
3150167
3150513
3151212
3151364
3152363
3152903
3153026
3153352
3153648
3153748
3154084
3154498
3154979
3155040
3156196
3156832
3157697
3157950
3159376
3160173
3160845
3162203
3162550
3163441
3164867
3167207
3167481
3167841
3168273
3170898
3171898
3172688
3173763
3174390
3174554
3175251
3176505
3179037
3179462
3179537
3182049
3183963
3185913
3186279
3186632
3188155
3188409
3189668
3189690
3190016
3193730
3195319
3195541
3195706
3195908
3196997
3197753
3198857
3199345
3200098
3202008
3204725
3205059
3209354
3210595
3212994
3214479
3215744
3216529
3220024
3220919
3221228
3223351
3224693
3226157
3226433
3227850
3229165
3231593
3232691
3235987
3236046
3236398
3236570
3237457
3238687
3240562
3241182
3242541
3245682
3246584
3246637
3246835
3246975
3247286
3248084
3249251
3249360
3249929
3251484
3252652
3255726
3256690
3257330
3257336
3258412
3262942
3264680
3265113
3266445
3266475
3266518
3267000
3267509
3267856
3269831
3269917
3270042
3271099
3271859
3274145
3275609
3275973
3278629
3278992
3279694
3283147
3284575
3285480
3286237
3286414
3287461
3288420
3289272
3290395
3291578
3293577
3294197
3295157
3295404
3295783
3296521
3296786
3297159
3297175
3298279
3299167
3299569
3300055
3300315
3300389
3301176
3303026
3305791
3305992
3305996
3307213
3308515
3308516
3308935
3312936
3313094
3313187
3313521
3313927
3313952
3314019
3315169
3315378
3316243
3316562
3317492
3317681
3318567
3318852
3319143
3319911
3320008
3320271
3321578
3325432
3326951
3327888
3329144
3329217
3329430
3330179
3330670
3330807
3330964
3332349
3332835
3332851
3333483
3333910
3334475
3336655
3338155
3338796
3340225
3340957
3341788
3342278
3342535
3342952
3344351
3346263
3346657
3348485
3350182
3350607
3351574
3351582
3352085
3352237
3352403
3352961
3353065
3353680
3354789
3354911
3357777
3360927
3361122
3362514
3362807
3362996
3363460
3363482
3364379
3365556
3366513
3366563
3367781
3368356
3371094
3371612
3372166
3372400
3372657
3373139
3373298
3375166
3376366
3376604
3376742
3377501
3378002
3382003
3382316
3383582
3385299
3385691
3385921
3386180
3386311
3387960
3389321
3393393
3394973
3396488
3397005
3397225
3397358
3398765
3401416
3403133
3405501
3406415
3406554
3406932
3408211
3408328
3408500
3411303
3412746
3414885
3416276
3418043
3419156
3419204
3421261
3422115
3424910
3426229
3426520
3426752
3427412
3427595
3427712
3428415
3431504
3431564
3431650
3431676
3432478
3433356
3434018
3434750
3435015
3435285
3435605
3435935
3435991
3437040
3438417
3438934
3439771
3440133
3440709
3441873
3442033
3442341
3442379
3444622
3445514
3447402
3447428
3449738
3450578
3452009
3452599
3454055
3454910
3456351
3457797
3458335
3458464
3458767
3458851
3460636
3461234
3461314
3461511
3463143
3465114
3465806
3466287
3468425
3468752
3469127
3469152
3469909
3470175
3473302
3473428
3475443
3477039
3477063
3480049
3481481
3482305
3482413
3482761
3482896
3483530
3485561
3485569
3486940
3489608
3490629
3493676
3494036
3494778
3497165
3500972
3501068
3502057
3504174
3504787
3506173
3506192
3506262
3506583
3506828
3507019
3507777
3507813
3508902
3509204
3509247
3509252
3509521
3510032
3510425
3510937
3511172
3513825
3514240
3516414
3517354
3519125
3519130
3519440
3519533
3520025
3520510
3520865
3521293
3522162
3522997
3523819
3524699
3526378
3527054
3527667
3528122
3528738
3529405
3529949
3532470
3534515
3535017
3535298
3535335
3538139
3538898
3539085
3539121
3539301
3539460
3539514
3539738
3540914
3541192
3541351
3542472
3542744
3542786
3545890
3546238
3547156
3548364
3548983
3551054
3551431
3553672
3553889
3554095
3554469
3556343
3557206
3559466
3559660
3562566
3562579
3564963
3567384
3567889
3570820
3571967
3573762
3575675
3575758
3577191
3579200
3579355
3581941
3582211
3582944
3583453
3584691
3585781
3586551
3587108
3588801
3589441
3590568
3591388
3592709
3593140
3593140
3596045
3596754
3597143
3597221
3598086
3599488
3600026
3600428
3601333
3604066
3604112
3605019
3605642
3605799
3606050
3606076
3607268
3607812
3608703
3611046
3612762
3613566
3615927
3615927
3617697
3617965
3619157
3619956
3622960
3623037
3624819
3625503
3625641
3627157
3627873
3628549
3629280
3629623
3630176
3630383
3632240
3632721
3632922
3633237
3633399
3635197
3636956
3637038
3638114
3638468
3638477
3642196
3643310
3643534
3644011
3645486
3645817
3646481
3646722
3650481
3651516
3652326
3652770
3654214
3654556
3658934
3660242
3660264
3660935
3661929
3662057
3668071
3668550
3672393
3672572
3677513
3679259
3680234
3681648
3682235
3683257
3683711
3685026
3685318
3685919
3686249
3688250
3688583
3689193
3689776
3690136
3690569
3691989
3692202
3692670
3692693
3692962
3694907
3696788
3696862
3698447
3698682
3699262
3700229
3700551
3700649
3702529
3702543
3702627
3703795
3704118
3705060
3706564
3706802
3706863
3707087
3709111
3710383
3710638
3711356
3711716
3712271
3713208
3720301
3720999
3721270
3723342
3724204
3727904
3728811
3729258
3730181
3730491
3730711
3733277
3733657
3734151
3734183
3734753
3734962
3735104
3735202
3736044
3736545
3737207
3737574
3740409
3740689
3742060
3742094
3744001
3744037
3744409
3745552
3746320
3746529
3748769
3749069
3750866
3751046
3754175
3754789
3755415
3756041
3757490
3758795
3759500
3759640
3760479
3760699
3760834
3765931
3767322
3767342
3767737
3767944
3768470
3769706
3771582
3771642
3772950
3775200
3775451
3776817
3777429
3777920
3778789
3779106
3783090
3783117
3784060
3787499
3787538
3788252
3789728
3789745
3789840
3790188
3790618
3790884
3792345
3792808
3793243
3793669
3794699
3795076
3795086
3795552
3796275
3796706
3798164
3798952
3799322
3799452
3800037
3800974
3801225
3802548
3805281
3805657
3807541
3808087
3808933
3809845
3810171
3810774
3811383
3812036
3812076
3812659
3814729
3816443
3817265
3818253
3818464
3819114
3820262
3820739
3821276
3821406
3822525
3823282
3823369
3826370
3827061
3827543
3828227
3828786
3830567
3831082
3831438
3832935
3833960
3835548
3837223
3838311
3839112
3840687
3842919
3843242
3843338
3844247
3846103
3849020
3851440
3852098
3852283
3854243
3854790
3856602
3858039
3858371
3859550
3860273
3861976
3862662
3864523
3865099
3865316
3865497
3866296
3867153
3868949
3869811
3869870
3870276
3871211
3871732
3871999
3872454
3874031
3876809
3877017
3877787
3878893
3879248
3879798
3880913
3881099
3881953
3887518
3887820
3888482
3890802
3890879
3891894
3892053
3892058
3894875
3895187
3896275
3896656
3897352
3897588
3899085
3900943
3901252
3901617
3904440
3905559
3906228
3907875
3908571
3912237
3912471
3914480
3914747
3916213
3917134
3917456
3918841
3920533
3923600
3924897
3925858
3925866
3926321
3927009
3929089
3929666
3932202
3933202
3933277
3934075
3934706
3934890
3937876
3938761
3940395
3940655
3941653
3942440
3942764
3943368
3944769
3945169
3945587
3945831
3946744
3947129
3947302
3947833
3948522
3949452
3950930
3951116
3951604
3953420
3954436
3955361
3959432
3960224
3961000
3963243
3963507
3965696
3968303
3969002
3969307
3969725
3969834
3970460
3972888
3973428
3973819
3974040
3976984
3978219
3978713
3978967
3979495
3984952
3987226
3988146
3990100
3990536
3995014
3996757
3996797
3997471
3997565
4000223
4000738
4000794
4002377
4002392
4002970
4004085
4004231
4004271
4005381
4006126
4006701
4006836
4007862
4008377
4015452
4018184
4019499
4023603
4023647
4028472
4031187
4031838
4034086
4034756
4034844
4034854
4036540
4037386
4037393
4040460
4040967
4041160
4041607
4042031
4042391
4043656
4043778
4043947
4044013
4045260
4046500
4046555
4046678
4047401
4047765
4048073
4048075
4048544
4049086
4049275
4050584
4051395
4051665
4053269
4054914
4055137
4055288
4055517
4056511
4056658
4056862
4057760
4057900
4059155
4059796
4060307
4061247
4061985
4062090
4062851
4063345
4063393
4064085
4064147
4064293
4064928
4066125
4066799
4066987
4067438
4067808
4068112
4069782
4070856
4070908
4072355
4073645
4073830
4074528
4075183
4075589
4075632
4076526
4077014
4077821
4078490
4078686
4078817
4081913
4082909
4084447
4085068
4085703
4086549
4086630
4087277
4087579
4088042
4090727
4090885
4091562
4091752
4093069
4093546
4093785
4093868
4094690
4095079
4095185
4096626
4096812
4097434
4098131
4098364
4099633
4100749
4102401
4103454
4103469
4103839
4104135
4104686
4104840
4107222
4108232
4110785
4111083
4111271
4112920
4112941
4113537
4114617
4114624
4121133
4121557
4122507
4122889
4123415
4124626
4125607
4126417
4128666
4128958
4129440
4131392
4133900
4136972
4139794
4140142
4140883
4140884
4141941
4143521
4144344
4144392
4144815
4144916
4145074
4145154
4145321
4145759
4145950
4145995
4147088
4147177
4147412
4148155
4149266
4150737
4151486
4151769
4154175
4155087
4155721
4156655
4156668
4157476
4158650
4159030
4160356
4160687
4162403
4163033
4163040
4163811
4163959
4165890
4166458
4168983
4171891
4173292
4173552
4174340
4175919
4176330
4177487
4178446
4179406
4182325
4182477
4182753
4183863
4185849
4186217
4186595
4187500
4188329
4189593
4190612
4191395
4192120
4192309
4194430
4195291
4196224
4196359
4197255
4198531
4199427
4200541
4202071
4202720
4202949
4203667
4207061
4208175
4208296
4209729
4209944
4210507
4210815
4211238
4212624
4214147
4215347
4216285
4218649
4218809
4219140
4219219
4219540
4220143
4221162
4221397
4222023
4222556
4223392
4224077
4225901
4227515
4227860
4228219
4228339
4228630
4228722
4229435
4229903
4232193
4232871
4233407
4233566
4235184
4235347
4235819
4236395
4237395
4237808
4239225
4240134
4240760
4242814
4243186
4243985
4244327
4244373
4245725
4245954
4246343
4247389
4247867
4248377
4248644
4248644
4251795
4252292
4254468
4254706
4257054
4257198
4258140
4258565
4260938
4262005
4263424
4265590
4268800
4270123
4271805
4273058
4274174
4274532
4275477
4275973
4276101
4276127
4276418
4276995
4277129
4277969
4279592
4279840
4281216
4283498
4284508
4285227
4286933
4287101
4287466
4289005
4289116
4289393
4290279
4291411
4295530
4295675
4295750
4296107
4297699
4298134
4298520
4303251
4303809
4305688
4305842
4306344
4311788
4312974
4313365
4318084
4318240
4318255
4320030
4321254
4321538
4322931
4323733
4323960
4324265
4325300
4328357
4329322
4329785
4331129
4331626
4332854
4333070
4333231
4333883
4334150
4334493
4337022
4337658
4340553
4340859
4342245
4342473
4343659
4345105
4345490
4345507
4345662
4346007
4346225
4349074
4350637
4352545
4353043
4354541
4355244
4355257
4355448
4359078
4361312
4361451
4363138
4363434
4364395
4364785
4365398
4366015
4366919
4368335
4369120
4370169
4372029
4374405
4374793
4374857
4375234
4376230
4379926
4382128
4382221
4382565
4382915
4383988
4385339
4385734
4386506
4387367
4388194
4388961
4389053
4389219
4390044
4390074
4391177
4391213
4392303
4392755
4393640
4395091
4396426
4397421
4397869
4398856
4400968
4402702
4403913
4405269
4406699
4408782
4409399
4409545
4410203
4414872
4415333
4415557
4415998
4416361
4419183
4420346
4420461
4420480
4422127
4422444
4422667
4422856
4422886
4423090
4423587
4423891
4426156
4426928
4429422
4429932
4430420
4430768
4431923
4433506
4433509
4434139
4434650
4434802
4435079
4436094
4437870
4437979
4438026
4439903
4440103
4441822
4443038
4443233
4447347
4449117
4449965
4449991
4450112
4450793
4451206
4454051
4455277
4455345
4457005
4457651
4458495
4458634
4459081
4459856
4461486
4461524
4462039
4462246
4462532
4462951
4464633
4464857
4465220
4465812
4465841
4465907
4466372
4467148
4467570
4467658
4467736
4467929
4469326
4469641
4470780
4471355
4471872
4472905
4473847
4474229
4474378
4475607
4475916
4476291
4476621
4476681
4477852
4480576
4481348
4481389
4483642
4485302
4486653
4488036
4488300
4488934
4489073
4489129
4489909
4490849
4491175
4491961
4493588
4495711
4496478
4496654
4498366
4498556
4500042
4502069
4502461
4502725
4502812
4504175
4504464
4506678
4507504
4508572
4509200
4509449
4510171
4512968
4514458
4515140
4516619
4519138
4519533
4521271
4525391
4525874
4531672
4532063
4532953
4534521
4534829
4539226
4539299
4539354
4540528
4542146
4543306
4543986
4544064
4544869
4545984
4546680
4547135
4547188
4548802
4551533
4552285
4553202
4555209
4555689
4556282
4557826
4563808
4563864
4564317
4565379
4566760
4567650
4568066
4569263
4569571
4570675
4571091
4572693
4573404
4574651
4574917
4574950
4576079
4576127
4576187
4577623
4577987
4579899
4580012
4580727
4580889
4581569
4582146
4582186
4582316
4583500
4586497
4588482
4588904
4590726
4592813
4594223
4594959
4596069
4597421
4597490
4600163
4600523
4601452
4601578
4601841
4603715
4604261
4605292
4606124
4606563
4606733
4609665
4609975
4610754
4611194
4612763
4613194
4613315
4613630
4613853
4615266
4617055
4617361
4621948
4622393
4622414
4623574
4625738
4627471
4628907
4629504
4630034
4630217
4631011
4631061
4631361
4631394
4632222
4634969
4636351
4636550
4637783
4639680
4640360
4643110
4644201
4644888
4646617
4646684
4646800
4646915
4647329
4648371
4649146
4650495
4653993
4654536
4656144
4656323
4657201
4658257
4659532
4659840
4662049
4662436
4663725
4665304
4667165
4667184
4668730
4669055
4672208
4672936
4672975
4673176
4673683
4675812
4677866
4678800
4680281
4681258
4681998
4684858
4687389
4688485
4688638
4688781
4689304
4689572
4691375
4691722
4691729
4692950
4696381
4696775
4696810
4697324
4697563
4699034
4700065
4700471
4700498
4700694
4700875
4701969
4702828
4707702
4708476
4709670
4710489
4710796
4710902
4713214
4713365
4714316
4715436
4716320
4719958
4720881
4721881
4724613
4728397
4728497
4729292
4729603
4729825
4731296
4732379
4732703
4732892
4733091
4733125
4733153
4733524
4733640
4734600
4734794
4735145
4735720
4735773
4736883
4737292
4739146
4739252
4740864
4741241
4741797
4742573
4744857
4745309
4745890
4746793
4747505
4749815
4750877
4751786
4752435
4752989
4755730
4759455
4759868
4760044
4762392
4763269
4764652
4765376
4767195
4767345
4767543
4767654
4768789
4769512
4774112
4775372
4775587
4775627
4775704
4775763
4781918
4782033
4782766
4783293
4784241
4785578
4785932
4788182
4789506
4789653
4790063
4790399
4792653
4793046
4794420
4794555
4795242
4795312
4797680
4801054
4803453
4803857
4805646
4806555
4807635
4807704
4811100
4812637
4814030
4814961
4814992
4818576
4818974
4820059
4820785
4822232
4825577
4826327
4826962
4827312
4827559
4827813
4828446
4828743
4831619
4832987
4833049
4833651
4834433
4834636
4836704
4836898
4837097
4839293
4839750
4839805
4840352
4841392
4842128
4842331
4843859
4846177
4846742
4847149
4847485
4847521
4849130
4850269
4854002
4854439
4859566
4862867
4864860
4865093
4865925
4866163
4868528
4875166
4875659
4876042
4876410
4877414
4877998
4880186
4881559
4883608
4886478
4887198
4887291
4889698
4889745
4891691
4892046
4892725
4893000
4893118
4895469
4897124
4897650
4898598
4898670
4899265
4899811
4900253
4904016
4904042
4905233
4905625
4905728
4906612
4907874
4908021
4908257
4908395
4908646
4908736
4909616
4910166
4910274
4910558
4910572
4910749
4910914
4912185
4914364
4917485
4918191
4919427
4921215
4923778
4925176
4925381
4925590
4925957
4926249
4926623
4927326
4928232
4932103
4932461
4933220
4935625
4940433
4940794
4941041
4943034
4943750
4944956
4944995
4945114
4945235
4945995
4946023
4946481
4947892
4948736
4950365
4952121
4953274
4954474
4956194
4957030
4957319
4958851
4958899
4960096
4961777
4966975
4968147
4969375
4970113
4970474
4972162
4972703
4973850
4974975
4975601
4975988
4978190
4978913
4979324
4980312
4983367
4984394
4984679
4987066
4989788
4989850
4990094
4990158
4992153
4993306
4995650
4997595
5001515
5002245
5005844
5008996
5009252
5010554
5011307
5011868
5012607
5013681
5014489
5015609
5016579
5017728
5017818
5018293
5018565
5020731
5020939
5021427
5022593
5025649
5028067
5029957
5030989
5031396
5032275
5032774
5033115
5033450
5034818
5035298
5036512
5037139
5038314
5038324
5039856
5040377
5040903
5041854
5042029
5042316
5042732
5042902
5043197
5043847
5044224
5044600
5044845
5045065
5047970
5050973
5051709
5052135
5052349
5052608
5053586
5054434
5054489
5055651
5056308
5056379
5057226
5057937
5058119
5061385
5062538
5063283
5064169
5064952
5068125
5069036
5076628
5077088
5079087
5079988
5081827
5082804
5083462
5083853
5084644
5086380
5087715
5093605
5093911
5094240
5094550
5095034
5095872
5096671
5098042
5099083
5100441
5103551
5103635
5105666
5108160
5108245
5110403
5112356
5115819
5116104
5116401
5117494
5117570
5121189
5122016
5122078
5122951
5127261
5129125
5130549
5131108
5131684
5133414
5136895
5137575
5139465
5139633
5141213
5141498
5141622
5142926
5143345
5144091
5144295
5144537
5147542
5148000
5148349
5149743
5151374
5152723
5154258
5156121
5157795
5162072
5163649
5166709
5167942
5169648
5170353
5170850
5174447
5175984
5176308
5176964
5178295
5178992
5179537
5179909
5180058
5181570
5181723
5183131
5183441
5183694
5184056
5185097
5198426
5199235
5200778
5202146
5204399
5206274
5207924
5208171
5210073
5211508
5211757
5212055
5212731
5213127
5213318
5214002
5214009
5214577
5215298
5218104
5218334
5218699
5219099
5219165
5219371
5220732
5222138
5222676
5222945
5224171
5226058
5226280
5227911
5228016
5229044
5229839
5230176
5231962
5232330
5232614
5236352
5236380
5236425
5236674
5238270
5239178
5240244
5240534
5242856
5243767
5243996
5244743
5245079
5245125
5246082
5246266
5246644
5249495
5250130
5250387
5252064
5252209
5252610
5254069
5255322
5256560
5257797
5257923
5259425
5263605
5264135
5264539
5265219
5266737
5266739
5268472
5269800
5271168
5272047
5272877
5273675
5273905
5273974
5274022
5276312
5276861
5277703
5277750
5277753
5278452
5280145
5280277
5280615
5280889
5282800
5283060
5285309
5285500
5288019
5288082
5289584
5290849
5291815
5292766
5292956
5293231
5293830
5294894
5294962
5295717
5297054
5298102
5299277
5299333
5302786
5303503
5303808
5305444
5307917
5310486
5310657
5311334
5311702
5312317
5312482
5312783
5313077
5313265
5313321
5315801
5315868
5316804
5317255
5317453
5319569
5320217
5322730
5322958
5328330
5330843
5332835
5333015
5333193
5333862
5335878
5336174
5336464
5337039
5340525
5341308
5341347
5343605
5343848
5344068
5344345
5345646
5346083
5347005
5349216
5351212
5352400
5352648
5354103
5355277
5355299
5356265
5357118
5357146
5357510
5358596
5359036
5360789
5361366
5364152
5365523
5366686
5366839
5367019
5374801
5375294
5375717
5378227
5380851
5380951
5381287
5382148
5382502
5384262
5386595
5387269
5387581
5388630
5388703
5388729
5391128
5393012
5393926
5393960
5395208
5397160
5399181
5399260
5399586
5403054
5403858
5406690
5407082
5407379
5407497
5408056
5408066
5408069
5408801
5409272
5409420
5410525
5410779
5411112
5411284
5412381
5413584
5413600
5414706
5415323
5417033
5419225
5420422
5422095
5422722
5424611
5425560
5426700
5427063
5428370
5428968
5429806
5429851
5430028
5431124
5431178
5434243
5434678
5435161
5438335
5438596
5438645
5440241
5443053
5443077
5443382
5443767
5444498
5445492
5447985
5450218
5450569
5451633
5451876
5454482
5455034
5456316
5456965
5457226
5457327
5458073
5458127
5459086
5459141
5459871
5463215
5465996
5466421
5467489
5467884
5468125
5468990
5469642
5470486
5470562
5470720
5470837
5471630
5478069
5478415
5478779
5479126
5481410
5482586
5485095
5485155
5488058
5490202
5490340
5491779
5492053
5492468
5493465
5495555
5496047
5496615
5497114
5497808
5498467
5499212
5500325
5500378
5500733
5504391
5504679
5504883
5507020
5508317
5512135
5514592
5514845
5516898
5516916
5517544
5518857
5519439
5520815
5521119
5521848
5522410
5523868
5524815
5525334
5526986
5528225
5528569
5529554
5530665
5530776
5531156
5532250
5534034
5535182
5535655
5537170
5538129
5539082
5539106
5539798
5541030
5541302
5544485
5544811
5547507
5548750
5548979
5549405
5550840
5551596
5553188
5553232
5555544
5556393
5556637
5556697
5557091
5557711
5560891
5561347
5562164
5564623
5565519
5567015
5567560
5567606
5569366
5569711
5573286
5574099
5575458
5577969
5578109
5580010
5580457
5581028
5581134
5582623
5585096
5585298
5586471
5587025
5587174
5587761
5588664
5589113
5590517
5591439
5591499
5591939
5592248
5595405
5598070
5598488
5598845
5599245
5600386
5600458
5601804
5603382
5603846
5604338
5604452
5605045
5605896
5607390
5608185
5608435
5609758
5609779
5615312
5616022
5617458
5617616
5617654
5617967
5619756
5619984
5620293
5620311
5621472
5622275
5622810
5622911
5623600
5623908
5625641
5629743
5631309
5631353
5634278
5634417
5634924
5634981
5637452
5639305
5640940
5643515
5646497
5646826
5647230
5650600
5653579
5654207
5654355
5654908
5655418
5655620
5656904
5657225
5657681
5658838
5661723
5661838
5663040
5663099
5663220
5665086
5665554
5667471
5667947
5668421
5668686
5670092
5670253
5670274
5670397
5670628
5671861
5672038
5672285
5674567
5674627
5675207
5675899
5676557
5677017
5677875
5680058
5680364
5681747
5682139
5682290
5683616
5683937
5683947
5684107
5684550
5686202
5686472
5687466
5688068
5689689
5693675
5694462
5694630
5695161
5697234
5697934
5697936
5699305
5699571
5700183
5700266
5701827
5702148
5702222
5702414
5702852
5702877
5702910
5703202
5703785
5704584
5704840
5705675
5706774
5708241
5708963
5711035
5711121
5713294
5713346
5714367
5715651
5716139
5716621
5717290
5719280
5719543
5721135
5721770
5722483
5723631
5723706
5724746
5724756
5725478
5727434
5728651
5729570
5730701
5730939
5731366
5731442
5733037
5733213
5733356
5734629
5734945
5735765
5735769
5735859
5736726
5737276
5737336
5738139
5738267
5741398
5743535
5745347
5750213
5752277
5752455
5753375
5754994
5755797
5757302
5758443
5759331
5759425
5761058
5762832
5763220
5763454
5766020
5766278
5770591
5771375
5772125
5772291
5773986
5775837
5776386
5777682
5779182
5779693
5780255
5780310
5781059
5782362
5784213
5785129
5785227
5785477
5785685
5789683
5790128
5791003
5791185
5792068
5793329
5795207
5795972
5796626
5799899
5800450
5801084
5801331
5801904
5803083
5805483
5808628
5809809
5810078
5810291
5811528
5812753
5813120
5813458
5813631
5813989
5814469
5814737
5814825
5816899
5817671
5821280
5822675
5822680
5822823
5824565
5824898
5825548
5826344
5826714
5826877
5827281
5827344
5827780
5828896
5829288
5829714
5831161
5831263
5832660
5834239
5835767
5835800
5835824
5837969
5838149
5838388
5839232
5841503
5842124
5842253
5842483
5842709
5844160
5845789
5846479
5847096
5847276
5848246
5848347
5848462
5850070
5852472
5853340
5853693
5854836
5855243
5856476
5858219
5858256
5858472
5860122
5861253
5861634
5862217
5862918
5863489
5863748
5865060
5866500
5866510
5867050
5869073
5871553
5872562
5872853
5873388
5873482
5876298
5876305
5876879
5877559
5877984
5878227
5878276
5878369
5879646
5879834
5880134
5880199
5880373
5880517
5881268
5881933
5882338
5882609
5883147
5883841
5883926
5884354
5885480
5885756
5886827
5887699
5888179
5888647
5889601
5889847
5890127
5891044
5891267
5894317
5895084
5895100
5895381
5896175
5896596
5896922
5898535
5901656
5903624
5903984
5904298
5904409
5906312
5906353
5906438
5907415
5907670
5908752
5908767
5909726
5909975
5910463
5911387
5911987
5913568
5914758
5914862
5917962
5918572
5918817
5919029
5919232
5919961
5921622
5923841
5923987
5924854
5924891
5925021
5925077
5925077
5925430
5926773
5927046
5929756
5930163
5931207
5931320
5933142
5933549
5935180
5935241
5935670
5935816
5935966
5935978
5936797
5937685
5938625
5938698
5939971
5940104
5940217
5941130
5942522
5943368
5943919
5944555
5944726
5946026
5946165
5946715
5946941
5947167
5947476
5947913
5949293
5949489
5950442
5955059
5955272
5955397
5956283
5959175
5960964
5962304
5963418
5963439
5965303
5965447
5965764
5966213
5968041
5969573
5971249
5971497
5971536
5973630
5974001
5975473
5976474
5978943
5980238
5980626
5980858
5981481
5982254
5982809
5983896
5984201
5985502
5988118
5989504
5991178
5992343
5993007
5993810
5994795
5995520
5995838
5997165
5997167
5997769
5998366
5999352
5999395
6000347
6001000
6001391
6002123
6002591
6002816
6006750
6008350
6008884
6009263
6010821
6010870
6013498
6015145
6015307
6017842
6018063
6019616
6020395
6021500
6021750
6022172
6023809
6025152
6025837
6029682
6030721
6033127
6037697
6039677
6039790
6041714
6043344
6044701
6044908
6045721
6045783
6047148
6047718
6048571
6049235
6049253
6049318
6050149
6050834
6052949
6055563
6056414
6057136
6059681
6062123
6062384
6062915
6063536
6064770
6064789
6066917
6068201
6068474
6070077
6071609
6072259
6072401
6072439
6074158
6075000
6078324
6078414
6081370
6082165
6084034
6084265
6086166
6086459
6088330
6088712
6089429
6090782
6091106
6091133
6091718
6092543
6092988
6096823
6097038
6097481
6100124
6100301
6101528
6102236
6102401
6103271
6104460
6105113
6107380
6107995
6110559
6111327
6115949
6117611
6117808
6119107
6120754
6121918
6123646
6124858
6125305
6125912
6129921
6131347
6132605
6132729
6132782
6133131
6133319
6134465
6135052
6135988
6136848
6137367
6138627
6139303
6139384
6142455
6142727
6144089
6145304
6145604
6150806
6150961
6153390
6153987
6155304
6155497
6155808
6156452
6156507
6156626
6157170
6157949
6158292
6158806
6160523
6161571
6162181
6162786
6162818
6163460
6163558
6164064
6164199
6165992
6166658
6167489
6167715
6169562
6172871
6173103
6174064
6174073
6175808
6176446
6176770
6179899
6182034
6183380
6184786
6185504
6188543
6189610
6190822
6190989
6191722
6194763
6194853
6197410
6198138
6200110
6203504
6203776
6205817
6205850
6209149
6209407
6209825
6212226
6213358
6215240
6216244
6216552
6217902
6218178
6218795
6219844
6221523
6221639
6221936
6223162
6229252
6229334
6230703
6232071
6233639
6236400
6238390
6239476
6240499
6241709
6243447
6243678
6244604
6244631
6245853
6246006
6246228
6246285
6247727
6248256
6248315
6249784
6251229
6251584
6252351
6254549
6254576
6254724
6255827
6256544
6256711
6258274
6258325
6261800
6264741
6265423
6265971
6266232
6268635
6269286
6270173
6270467
6275338
6275573
6275608
6275946
6278290
6278449
6278754
6280008
6282963
6284227
6285702
6287069
6287399
6287518
6288872
6288967
6290952
6291143
6291244
6292473
6293013
6293198
6293446
6294045
6294694
6295493
6301478
6302665
6302991
6303041
6303241
6303407
6304245
6305510
6306273
6308499
6309243
6314195
6314518
6314540
6314924
6315129
6315921
6316172
6316186
6316461
6316837
6317432
6317709
6318107
6318940
6319692
6320728
6320931
6321719
6321825
6321866
6322022
6323539
6323720
6324207
6324339
6324809
6326248
6326648
6326708
6328486
6329424
6330141
6331483
6331930
6332759
6334933
6335874
6337221
6337594
6338140
6339287
6339396
6339727
6339864
6340908
6341050
6342792
6344650
6345032
6345043
6345268
6345718
6347345
6347854
6348372
6349776
6349988
6351149
6357815
6358591
6360722
6361606
6361671
6362460
6363102
6366672
6366706
6372318
6372612
6374339
6376214
6378037
6381519
6382101
6382388
6385621
6386163
6386936
6387517
6387547
6387704
6388600
6390383
6390890
6390965
6391210
6392153
6398481
6399747
6399844
6400243
6400673
6401487
6401685
6401974
6403217
6403331
6403350
6403587
6404448
6404814
6405624
6406181
6408368
6408407
6408684
6408916
6409198
6409536
6410881
6412026
6413908
6413938
6415855
6417432
6417707
6418206
6418579
6418607
6419359
6420323
6420492
6420984
6422069
6422238
6422893
6423441
6424339
6426954
6427913
6428320
6428439
6430850
6431870
6432494
6432868
6432971
6433305
6439688
6439802
6439960
6441302
6442795
6444191
6444236
6445465
6446201
6446226
6446598
6449489
6450256
6450697
6451201
6451754
6452930
6455834
6456744
6456785
6458829
6459749
6460120
6460374
6461816
6462284
6462763
6462927
6462952
6463602
6464144
6464337
6464468
6466457
6466717
6467630
6468060
6468603
6468757
6468949
6470711
6470715
6472133
6472312
6474397
6474442
6475199
6475283
6475505
6476129
6476312
6478651
6480697
6483131
6484047
6485085
6486552
6487168
6487231
6489525
6490782
6493379
6493528
6493567
6495587
6496578
6497052
6498466
6498810
6499831
6500291
6500466
6501463
6502519
6502739
6503919
6506823
6508775
6508916
6509881
6510695
6511149
6512622
6515334
6515359
6515442
6515594
6516324
6516516
6516587
6517922
6518020
6519097
6519163
6520075
6521633
6521687
6522661
6524463
6526329
6530659
6533621
6534870
6535861
6536258
6537526
6537876
6537982
6539312
6544520
6548298
6551833
6552342
6552640
6553059
6555946
6558677
6559350
6561942
6562770
6563262
6563972
6564875
6567457
6568404
6568524
6569635
6571401
6574513
6576375
6576433
6577086
6577991
6580518
6581373
6581496
6583343
6583678
6584569
6585852
6589225
6592072
6593329
6594077
6595398
6595612
6596058
6596961
6598702
6600431
6600601
6601063
6601398
6602738
6603284
6603960
6604237
6604819
6605256
6606597
6606995
6607864
6608038
6608802
6608998
6609856
6611809
6612389
6613340
6615493
6616270
6616888
6617602
6618379
6619573
6619615
6620386
6622901
6623212
6623237
6626731
6627766
6630797
6632111
6634035
6634262
6636542
6636701
6637941
6638810
6640177
6640211
6642736
6646144
6646401
6647530
6647793
6650084
6650264
6652050
6652116
6652357
6652770
6653445
6653588
6654559
6656517
6656614
6657107
6659322
6660248
6660709
6662285
6662745
6663640
6665758
6666368
6666464
6667013
6667805
6668790
6669904
6670047
6672439
6676117
6677592
6679551
6679684
6680243
6682158
6682610
6684377
6684567
6685469
6687039
6689027
6690458
6690562
6692084
6692127
6694113
6696341
6696673
6697866
6697948
6698440
6700031
6700286
6700773
6701175
6701284
6701701
6703105
6703131
6703242
6705371
6705623
6706430
6706543
6707302
6707437
6708202
6709088
6709783
6709829
6710116
6710245
6710593
6710898
6714451
6714813
6715289
6715845
6716359
6717275
6717407
6718725
6718974
6721292
6721782
6722357
6722542
6723403
6723507
6724481
6724495
6725582
6726544
6728993
6729160
6729332
6729389
6729511
6730718
6730883
6733961
6734090
6734182
6734386
6734758
6734943
6735356
6736522
6736855
6737251
6737665
6738034
6738052
6739898
6742592
6742775
6742956
6744735
6745224
6746136
6746520
6747338
6747917
6748164
6750269
6750338
6751037
6753281
6755555
6755667
6756656
6756685
6757160
6757629
6757726
6758698
6758797
6760002
6761451
6764505
6764869
6765257
6766259
6768126
6770117
6774504
6774558
6775065
6775594
6776252
6776947
6777119
6777832
6778124
6779561
6779876
6781909
6781916
6783792
6787709
6788191
6789243
6789306
6789949
6791684
6792911
6794405
6797096
6797418
6798763
6800618
6800752
6802576
6802891
6804119
6804329
6805641
6805669
6805908
6806632
6807190
6807770
6809167
6809471
6810460
6810595
6811736
6811905
6813797
6814223
6814510
6815294
6815818
6817222
6817296
6817842
6819600
6820378
6820430
6820437
6820526
6822533
6823931
6824744
6824758
6824797
6825023
6831115
6831593
6831754
6832544
6832698
6833612
6834060
6835409
6835509
6836180
6837429
6843653
6845431
6845827
6846201
6847500
6848188
6849824
6850720
6851556
6852152
6852764
6854023
6856550
6856702
6858591
6858903
6861995
6862710
6865314
6865794
6866303
6867761
6868048
6869160
6869161
6869320
6870653
6872631
6875127
6877049
6877979
6881294
6882006
6882063
6883075
6884940
6885604
6886636
6887656
6887956
6889599
6889813
6889923
6893052
6897419
6898183
6901487
6901659
6902453
6903221
6903261
6905665
6907723
6908297
6908867
6909253
6910323
6910993
6912902
6918124
6918442
6918842
6919299
6920671
6920690
6921238
6922416
6925699
6926112
6926541
6927236
6928356
6929529
6930456
6931866
6934283
6937897
6938357
6939135
6940763
6941957
6943382
6943656
6943869
6944247
6944586
6944620
6945657
6945925
6946390
6946394
6946900
6948886
6949879
6951677
6953104
6954388
6954635
6955257
6955373
6956162
6957033
6957641
6957692
6958014
6958581
6958723
6958945
6959370
6961535
6963468
6965233
6965874
6970858
6971125
6971169
6972501
6972683
6973214
6977602
6978498
6978997
6981099
6981815
6981909
6986421
6988366
6989283
6990124
6991199
6992448
6994025
6995830
6996654
6999997
7000958
7001526
7003665
7003936
7006460
7006607
7006867
7006955
7007327
7009548
7010148
7010957
7011066
7011960
7012375
7012485
7012560
7015627
7017699
7018803
7020038
7020640
7024399
7025514
7026046
7026087
7027344
7027406
7027897
7028371
7028498
7029417
7030926
7032251
7032611
7033514
7035171
7035634
7036470
7037099
7037684
7040781
7043355
7045827
7046402
7046755
7048542
7049396
7050973
7051087
7051659
7051989
7052570
7053405
7053815
7054885
7055235
7055251
7055815
7058055
7059043
7060967
7062104
7062625
7068318
7068998
7069416
7069593
7070090
7071207
7073057
7074379
7075408
7075840
7076367
7077012
7077343
7077726
7077817
7079299
7079871
7081109
7086671
7087436
7088300
7088999
7089513
7089542
7091509
7093136
7093393
7093646
7093692
7095912
7096676
7096770
7097519
7100655
7101044
7101340
7101921
7102720
7103021
7103150
7103848
7104412
7106092
7108302
7109461
7110524
7111041
7111074
7112782
7112837
7113193
7114150
7114381
7116428
7117190
7117494
7118661
7119206
7119891
7120213
7121712
7123428
7123761
7124284
7126083
7127518
7127709
7128462
7130729
7131664
7132291
7132966
7134670
7134886
7134956
7135679
7138610
7139017
7139220
7140334
7141019
7142089
7143020
7143362
7143637
7143645
7143810
7146047
7148072
7148239
7149647
7150592
7150813
7151733
7152850
7153559
7154278
7154333
7157736
7158346
7158770
7158781
7159086
7159192
7159344
7159799
7160444
7162139
7165702
7166262
7167327
7170167
7170397
7171441
7171886
7173271
7173609
7174356
7174600
7176838
7178735
7179612
7180906
7180959
7181840
7182788
7185863
7186200
7187487
7187801
7187880
7188220
7188884
7189012
7189941
7190838
7192235
7192535
7192933
7193218
7194436
7195659
7195826
7196558
7197363
7200763
7201760
7202286
7204311
7208049
7209558
7209716
7209758
7212004
7214564
7218733
7219495
7220282
7221170
7221504
7223345
7224278
7224486
7224547
7224961
7225566
7225636
7225637
7229767
7234944
7234961
7235797
7236272
7237559
7237874
7238140
7239309
7239900
7240903
7242700
7243163
7243723
7247693
7248525
7250733
7252151
7254833
7256971
7257773
7258676
7259637
7262172
7262390
7263271
7264189
7264627
7265443
7269418
7269762
7270950
7272860
7275188
7275213
7279813
7279947
7280430
7280686
7281631
7282637
7282894
7284102
7284555
7285025
7286676
7286835
7287181
7287611
7288662
7289499
7290141
7290874
7291432
7295182
7295291
7295736
7298445
7298779
7298921
7299542
7300133
7300496
7300871
7301335
7303666
7305658
7306285
7307013
7308274
7309383
7310833
7311488
7311872
7313155
7313656
7314216
7315388
7315853
7315863
7316819
7317125
7317785
7320088
7321234
7321676
7321685
7321961
7322258
7324145
7326655
7327067
7329635
7331635
7333523
7335540
7338261
7338839
7339606
7340310
7341750
7342919
7343050
7343246
7345367
7345530
7347114
7348005
7349062
7353957
7354091
7355172
7355549
7356169
7357282
7357841
7357916
7358248
7361036
7361460
7364153
7364349
7365141
7366603
7368652
7370722
7371093
7373131
7374557
7377764
7377908
7384089
7384124
7384764
7384994
7385412
7385804
7388144
7389279
7389534
7389811
7390143
7390546
7392353
7392450
7393258
7393995
7394644
7394754
7395211
7396277
7396912
7398657
7399446
7400529
7401997
7402410
7403479
7405065
7405355
7406649
7407353
7407808
7408058
7408330
7408666
7409999
7410162
7411787
7413572
7414668
7414798
7416838
7417395
7417725
7417759
7420199
7420571
7420720
7421062
7421213
7423233
7424047
7424236
7425620
7426613
7426980
7427038
7427562
7428162
7429888
7431144
7431189
7431321
7433178
7433299
7433612
7434324
7436191
7437327
7437493
7437789
7437893
7439070
7442273
7445066
7446157
7450601
7450793
7451131
7451432
7452065
7452161
7453231
7453693
7455491
7456087
7456786
7457364
7458385
7458391
7458973
7459055
7459179
7459889
7460733
7461550
7461910
7462049
7463880
7464008
7464271
7464576
7466093
7466891
7467580
7467624
7469057
7469718
7470104
7472252
7473235
7474457
7475578
7475939
7476552
7476773
7476918
7479772
7479798
7480443
7480717
7481145
7481494
7482411
7483852
7484121
7484251
7485114
7487339
7488425
7489133
7490968
7491616
7492605
7492924
7493535
7496467
7496634
7497244
7498201
7499115
7499341
7500903
7501516
7501740
7502670
7503798
7505567
7506818
7507155
7508172
7508213
7508481
7508859
7509245
7509443
7510592
7510910
7511459
7513150
7514039
7515448
7515524
7516273
7516528
7517053
7517060
7518208
7518650
7519269
7519827
7520301
7520719
7521201
7522318
7523543
7525114
7526218
7526228
7526236
7526891
7527010
7527129
7527363
7527592
7528158
7528245
7528882
7529866
7529884
7531870
7532202
7532798
7532991
7533678
7533795
7533806
7534214
7535182
7537503
7539776
7540096
7544275
7544632
7547722
7550183
7551049
7554600
7555158
7555649
7556000
7556440
7557364
7558672
7559099
7560144
7560847
7562611
7563067
7563512
7563589
7566916
7567485
7567986
7569914
7570068
7570537
7571020
7571913
7574143
7574761
7575514
7576892
7578944
7579120
7579290
7579704
7581841
7582628
7584050
7584348
7585964
7585976
7585978
7587764
7589142
7592253
7592620
7592911
7594218
7595713
7595962
7597893
7599649
7599843
7600052
7600482
7600766
7602267
7602961
7603337
7604078
7604983
7606039
7606259
7606285
7608404
7608559
7609328
7610566
7611185
7612015
7613164
7614051
7614320
7615865
7616372
7616579
7617199
7618470
7618692
7619320
7619660
7619661
7620726
7621827
7622404
7623647
7626140
7626741
7627966
7628210
7631809
7633637
7634073
7634074
7634616
7635170
7635567
7635693
7636858
7639751
7640781
7642684
7643573
7645020
7645026
7645027
7646295
7646841
7647168
7647328
7648500
7648609
7648696
7649409
7650086
7650589
7652131
7652590
7652904
7653025
7653235
7657535
7659557
7659970
7663052
7665466
7668725
7670517
7670568
7671200
7671346
7672641
7673335
7674108
7674923
7675749
7675893
7676347
7676477
7678985
7679951
7682944
7684349
7686879
7687190
7687572
7687762
7688346
7688555
7688806
7689368
7689977
7690318
7691993
7694823
7695090
7698344
7700233
7700542
7700621
7702009
7702514
7704639
7706334
7708014
7708309
7708553
7708577
7709330
7710702
7711214
7711271
7712331
7712620
7712921
7715175
7717356
7719609
7719632
7719784
7720135
7721038
7721555
7724793
7725558
7725790
7726198
7726623
7727159
7728957
7730708
7730824
7733559
7735799
7736972
7738017
7739259
7739703
7740252
7742899
7746452
7747286
7747319
7751275
7752288
7754404
7755089
7759184
7761409
7761561
7762896
7764857
7765648
7765690
7767120
7767160
7769693
7769828
7770913
7773773
7774986
7776788
7778969
7780789
7782241
7785495
7785604
7786329
7787163
7787313
7788430
7789138
7790080
7790136
7790328
7790971
7792361
7793520
7793753
7796313
7797074
7799040
7799237
7799541
7800520
7804041
7805339
7807994
7808074
7808665
7809228
7809460
7810308
7813609
7813710
7814749
7814879
7816319
7816863
7817371
7819014
7821302
7823558
7824188
7825824
7827788
7828091
7830571
7832229
7832926
7833494
7833876
7835123
7835492
7836319
7839486
7840410
7840786
7842102
7842273
7844167
7844286
7844635
7845257
7846823
7847013
7847785
7849593
7849827
7849943
7851330
7852095
7852320
7853491
7854003
7856449
7857959
7861259
7862387
7863333
7863834
7866507
7867684
7868607
7869295
7870737
7872109
7872187
7872575
7873078
7873129
7873207
7874196
7874963
7876173
7876645
7878633
7880568
7881191
7882851
7884095
7884359
7885146
7885261
7886691
7887321
7887439
7887987
7888597
7889166
7890972
7892081
7892230
7892506
7892588
7893422
7896089
7896109
7896662
7897925
7898755
7899588
7900760
7901554
7901635
7901737
7902073
7903146
7904347
7904427
7904563
7907668
7909151
7909206
7910518
7910902
7910920
7911728
7911969
7912338
7912964
7913892
7913932
7913997
7916609
7916746
7917613
7919484
7919540
7920455
7920643
7922620
7924542
7925657
7926434
7928171
7928538
7930971
7931752
7932604
7934672
7934962
7935582
7937989
7939670
7940708
7941386
7941923
7943244
7943296
7945281
7945458
7945569
7946633
7947525
7950541
7951371
7952267
7952347
7952896
7953568
7954657
7954789
7955216
7956628
7958173
7960367
7960398
7961710
7962182
7962402
7962953
7963329
7963597
7965172
7969161
7971398
7974344
7975945
7977166
7977863
7978185
7981100
7981481
7982381
7986077
7987216
7987734
7988892
7989542
7989806
7991705
7992565
7992693
7994055
7994399
7995256
7995342
7995474
7997329
7998272
7999085
7999512
7999991
8000744
8000837
8001539
8004039
8004406
8004603
8011786
8013654
8013893
8014392
8015794
8016849
8017826
8019910
8021135
8022115
8022203
8024228
8025068
8026741
8027810
8030364
8030503
8032041
8033753
8033763
8034022
8035158
8040609
8042870
8045457
8045544
8048460
8048866
8049414
8050134
8051339
8051379
8054450
8054914
8055084
8055328
8055939
8056205
8056259
8056447
8057952
8058298
8060376
8061920
8062560
8064286
8064770
8066710
8067247
8067373
8068602
8068831
8068859
8071171
8071525
8071860
8074035
8074905
8076190
8078059
8079776
8081210
8081362
8081673
8082595
8083545
8084249
8084254
8088628
8090538
8090607
8091927
8092175
8092629
8094530
8094624
8094699
8095300
8095301
8095316
8095582
8096157
8096632
8098630
8099188
8101536
8102439
8102726
8105351
8105744
8106302
8106404
8107058
8110282
8110622
8112689
8112712
8113880
8114150
8115384
8115732
8117351
8117402
8117756
8119133
8120591
8120911
8121255
8121371
8122934
8124231
8126389
8127707
8128145
8130030
8130200
8130273
8131840
8132374
8138969
8139211
8139497
8141941
8143036
8143183
8143406
8144343
8146421
8148000
8148452
8149006
8153136
8153191
8154180
8162097
8162337
8164415
8165462
8165750
8167201
8167334
8168067
8168947
8170362
8172006
8174112
8174508
8174864
8178114
8178247
8178779
8179269
8179649
8179929
8182118
8182967
8183151
8184411
8184582
8186772
8188285
8188385
8189183
8190904
8191402
8195304
8196207
8197069
8197325
8200536
8202002
8202636
8203477
8203867
8204694
8204832
8206702
8206842
8207636
8207766
8208062
8209467
8211241
8212685
8213894
8218046
8218284
8218383
8219227
8220708
8220985
8224193
8224291
8224441
8226051
8226258
8227309
8227654
8227965
8230374
8230498
8232145
8232575
8237785
8239679
8240199
8240287
8241086
8243462
8245962
8246029
8247416
8249406
8250068
8250763
8251116
8252895
8256168
8256220
8257607
8259843
8260573
8262147
8262632
8266773
8267181
8267891
8269419
8270864
8272219
8274143
8274325
8275466
8275803
8276165
8276392
8276443
8277181
8277642
8277718
8278512
8280490
8280909
8283396
8283899
8283982
8284347
8284873
8285011
8285120
8285721
8286715
8288103
8288509
8288878
8289309
8289340
8289634
8289696
8290113
8290537
8291274
8291865
8293342
8294856
8295268
8295850
8296178
8297105
8297790
8297918
8297967
8299551
8300047
8300757
8300943
8303303
8304014
8304665
8307189
8308321
8309105
8309660
8310343
8310426
8310635
8310827
8312387
8315168
8317004
8317052
8319667
8319948
8320115
8321347
8324753
8325184
8325363
8327767
8329665
8331325
8332332
8332681
8333006
8333804
8333815
8334290
8335049
8335598
8336259
8336397
8338078
8340425
8341867
8341963
8344296
8345937
8346481
8346643
8347065
8349402
8349788
8349946
8352559
8353124
8353589
8353948
8354358
8354878
8355075
8359346
8363392
8364621
8365589
8366557
8366571
8367916
8367943
8370235
8371184
8373033
8375862
8376007
8377224
8379264
8380221
8380854
8381079
8381618
8381752
8382658
8383190
8383466
8384716
8385781
8387025
8387222
8387592
8389119
8389392
8389515
8389559
8390254
8390348
8392110
8392987
8394520
8395273
8396727
8399030
8399120
8399219
8400607
8400785
8404182
8408655
8409077
8409445
8410603
8413338
8414458
8418234
8418955
8419124
8420052
8420106
8420920
8420921
8421000
8425175
8425250
8425444
8425724
8425853
8430720
8431403
8432053
8432402
8433500
8434915
8435173
8436270
8436792
8436982
8437409
8438404
8438845
8440801
8443777
8445133
8445564
8446240
8448044
8449199
8449797
8450288
8452113
8452116
8455334
8455689
8458712
8459666
8459878
8460631
8461285
8468265
8468932
8469084
8469845
8470261
8471115
8473769
8475885
8478177
8478466
8478781
8479828
8480438
8480937
8481926
8482627
8482769
8484316
8484367
8484419
8485701
8485979
8486065
8486905
8488343
8491521
8491951
8493242
8493526
8494115
8494663
8495474
8495657
8495701
8496734
8497030
8497924
8498105
8502466
8503163
8503821
8505611
8506045
8510721
8512009
8513558
8514668
8515426
8516247
8518529
8519544
8519924
8520957
8521522
8521846
8522170
8522757
8523712
8524463
8524507
8524725
8526810
8528993
8528994
8530273
8531389
8531806
8532473
8532609
8533956
8535743
8536692
8539466
8544734
8544819
8545738
8545803
8547406
8548355
8548763
8549509
8550121
8550310
8552463
8552695
8553460
8554658
8558426
8558710
8560159
8561995
8562297
8562541
8563064
8563609
8564327
8564346
8564631
8565216
8566460
8567890
8568036
8569014
8569992
8570937
8573053
8573708
8575331
8575495
8575889
8576105
8577261
8577509
8578073
8580987
8581063
8581347
8581882
8582514
8582956
8583352
8583742
8584223
8584232
8586228
8586945
8588139
8588387
8589089
8589151
8590651
8591056
8592146
8592658
8594398
8594442
8595210
8597329
8597518
8599887
8600762
8601149
8602502
8603427
8604108
8604645
8606433
8606435
8607104
8607412
8608100
8608404
8608459
8609530
8609697
8609775
8609831
8610825
8611653
8611787
8614272
8615138
8616134
8616264
8616395
8616930
8618026
8618069
8618336
8618778
8623285
8623722
8624573
8624952
8625405
8625885
8627640
8629811
8630818
8632178
8632765
8633297
8636241
8639061
8640847
8640865
8641575
8641789
8643388
8643730
8644739
8646089
8646495
8647567
8648085
8649354
8649961
8650002
8651635
8652232
8652567
8653610
8654458
8654905
8655682
8655904
8655932
8656705
8657309
8657557
8659649
8659993
8661826
8662496
8663105
8663481
8664208
8665409
8666867
8666874
8671496
8674238
8675012
8676270
8676609
8676779
8677387
8677637
8678384
8679282
8679733
8680070
8680688
8681772
8682501
8682628
8683781
8685178
8686698
8686873
8688705
8690580
8691059
8692053
8692293
8693050
8693457
8693658
8694830
8695405
8695596
8696530
8696791
8697527
8699285
8699917
8700972
8701023
8701687
8703061
8706050
8708332
8708698
8710727
8711380
8711459
8712538
8712600
8718259
8718527
8718705
8719910
8722220
8723152
8724418
8725375
8726532
8728558
8728567
8728789
8730858
8731284
8732798
8732912
8733692
8736236
8736358
8736747
8737408
8740491
8741642
8741826
8742500
8744005
8744295
8744378
8744820
8745178
8745473
8745576
8745717
8746665
8747692
8747772
8747951
8749638
8750460
8750596
8752368
8754223
8756898
8757804
8758996
8759400
8760568
8760900
8761715
8763149
8763242
8764554
8764778
8766430
8767907
8770123
8770196
8770240
8770405
8771280
8771634
8772083
8772464
8773472
8773951
8774040
8774442
8775098
8776219
8777091
8777094
8778485
8779986
8781764
8783567
8783916
8786883
8787803
8792931
8794302
8794699
8795463
8796052
8796642
8797497
8798967
8799965
8800507
8801521
8801662
8801703
8805228
8805355
8808361
8811211
8811571
8811595
8811697
8811816
8816139
8816842
8817120
8818465
8818583
8820713
8822708
8823698
8824300
8825253
8825653
8828380
8830641
8830687
8831929
8835383
8835760
8836988
8837035
8837792
8841182
8842677
8842717
8843815
8843828
8844235
8844662
8844720
8845385
8846623
8846936
8847100
8847705
8848248
8849190
8849649
8850148
8851428
8852637
8853857
8854632
8856401
8857267
8857736
8857810
8858039
8858479
8859234
8859328
8859487
8860210
8860375
8860873
8864899
8866062
8867146
8867174
8868163
8868451
8869884
8870362
8871426
8871939
8872163
8872554
8872801
8874328
8876281
8877094
8877390
8877404
8877716
8880774
8881033
8884496
8884503
8884553
8884700
8885509
8886315
8887508
8887858
8888790
8890287
8891947
8893491
8893550
8893910
8893953
8896476
8896648
8898077
8898103
8901074
8901789
8902474
8903018
8904281
8904506
8905409
8907540
8909079
8910507
8913110
8914165
8915387
8916116
8916398
8917403
8917728
8917916
8918068
8918711
8920853
8922016
8924047
8926133
8926297
8928318
8929954
8930437
8931526
8932445
8933588
8936659
8937805
8939212
8941505
8941579
8941937
8942048
8942381
8942976
8943577
8947134
8947578
8947991
8950513
8950978
8951732
8954389
8955404
8958594
8960190
8961172
8961600
8964799
8965254
8965735
8966625
8967404
8967700
8968092
8969793
8970417
8972669
8973425
8973678
8973993
8975892
8978437
8978997
8979299
8979302
8981092
8981347
8981377
8981809
8984269
8985268
8986179
8986364
8986801
8987395
8989387
8991166
8991544
8992990
8993178
8993670
8993953
8994277
8995621
8995957
8997189
8997371
8997966
8999400
9001443
9001583
9001716
9002504
9003697
9004387
9006715
9007372
9008373
9009259
9010571
9013076
9013159
9013528
9014483
9014870
9015530
9016072
9017723
9019500
9020468
9021695
9021818
9021911
9023145
9025614
9025666
9025866
9026029
9026811
9027508
9028405
9028654
9029616
9030244
9030970
9031648
9033160
9033359
9033390
9033631
9033809
9036489
9036825
9037560
9038168
9038618
9040643
9043010
9045668
9046148
9047168
9047742
9047777
9047882
9048464
9048891
9049101
9050634
9052282
9052739
9052855
9053764
9054464
9056652
9057065
9059272
9061699
9061893
9061970
9064234
9064948
9065113
9065628
9066813
9067393
9068044
9068891
9069733
9070417
9071532
9073984
9079009
9081434
9082662
9083283
9085255
9085596
9085740
9086573
9086810
9087779
9089148
9089789
9090531
9091777
9092649
9093244
9093374
9093523
9093576
9095760
9096120
9096561
9096850
9097035
9097648
9098001
9099726
9100470
9102445
9102610
9102788
9103532
9105044
9106275
9107251
9108425
9108530
9109405
9110404
9112291
9112932
9113478
9115144
9115268
9115469
9115627
9117367
9117524
9117691
9118208
9118719
9120276
9120323
9121417
9123572
9124571
9124985
9125308
9126158
9127175
9129924
9131141
9132605
9134440
9135013
9136394
9140346
9141927
9142855
9143647
9144732
9148072
9148388
9149599
9151200
9151889
9152596
9152736
9152870
9153369
9153780
9156569
9157111
9160193
9161224
9162482
9162488
9163385
9164396
9165119
9165667
9167060
9168064
9170431
9171439
9174376
9176093
9177088
9177138
9177649
9179279
9179803
9180843
9181088
9181293
9182115
9182494
9183003
9183177
9183428
9184745
9186693
9187031
9187312
9187982
9190090
9190253
9191920
9192051
9193101
9193834
9194506
9195455
9195692
9196457
9197448
9198831
9199263
9201226
9201228
9206609
9207250
9211687
9211983
9212437
9214408
9215599
9216513
9216652
9216909
9218186
9218915
9220814
9221896
9222151
9222519
9222938
9223639
9224108
9224159
9224299
9225784
9226486
9228137
9228754
9228962
9231681
9233381
9234457
9235905
9236149
9237469
9239386
9242221
9244651
9245858
9246087
9246095
9247020
9247297
9247643
9249166
9249347
9251451
9251871
9252028
9253113
9253580
9253671
9253699
9254910
9255348
9256196
9257677
9259685
9261504
9262403
9262640
9262882
9262916
9263384
9264294
9265718
9268455
9269022
9269091
9271057
9272026
9273662
9274098
9274989
9275540
9276046
9277676
9278882
9280277
9281026
9281724
9283567
9284378
9285863
9287444
9288988
9290211
9290345
9290924
9292016
9292792
9293213
9293361
9294433
9295490
9295505
9299254
9299402
9301129
9303331
9304023
9305528
9305843
9308848
9308864
9309640
9311616
9312891
9312991
9313895
9316822
9318131
9318610
9318694
9320258
9321105
9321633
9322549
9322747
9324087
9324560
9325037
9326708
9326789
9326886
9326952
9327122
9330592
9331749
9333445
9333846
9333968
9335222
9336208
9336987
9337348
9337940
9338248
9338308
9339940
9340366
9341413
9344226
9345723
9346235
9346444
9346954
9347459
9349640
9349988
9350431
9351942
9353376
9353529
9353601
9355239
9361324
9362374
9363348
9365414
9365913
9370364
9371177
9372407
9373221
9374719
9374850
9375516
9376963
9377383
9377649
9377789
9378142
9379422
9380780
9381046
9381889
9381978
9384912
9387556
9387895
9389781
9391324
9391347
9392596
9392864
9392900
9392948
9394726
9396332
9396584
9400159
9401208
9401438
9401564
9401684
9402717
9403427
9404422
9405793
9406370
9409139
9410146
9410838
9410934
9411192
9412056
9412775
9413427
9414264
9415666
9415830
9416629
9416824
9417206
9417888
9418953
9419019
9419243
9421295
9421752
9422858
9423087
9423181
9424944
9427469
9428115
9429022
9429985
9431490
9431903
9432497
9432614
9433377
9434377
9434413
9436225
9437984
9438006
9438049
9438664
9441796
9442997
9443852
9445262
9445309
9446264
9446543
9446781
9449003
9449588
9452613
9452958
9453264
9453680
9454515
9457745
9458797
9459464
9459522
9459979
9461071
9461308
9462122
9463207
9463437
9466273
9466745
9468040
9468406
9468541
9471526
9471946
9473102
9473327
9475350
9476063
9476924
9477508
9478131
9478607
9480143
9480407
9482107
9482277
9484601
9484754
9485657
9485726
9487098
9487436
9490722
9491243
9491596
9493462
9493497
9494364
9496479
9499657
9500292
9501405
9503430
9503880
9504634
9505408
9508344
9508607
9509521
9510817
9513327
9513694
9514421
9514759
9516340
9516793
9519248
9519284
9519871
9520577
9524299
9525413
9525462
9527744
9530214
9530816
9532094
9533197
9533645
9535032
9537928
9539974
9540808
9541229
9542277
9542744
9543196
9543398
9543612
9544523
9545045
9546015
9546058
9546316
9547264
9547498
9548539
9550361
9550566
9550874
9550998
9552058
9553311
9553501
9553916
9554802
9555103
9556167
9556195
9557026
9557607
9557696
9560361
9561895
9562309
9564691
9565555
9566014
9568911
9571094
9574085
9574721
9577459
9578187
9578801
9579023
9581420
9581591
9583321
9584442
9586110
9587706
9588368
9590937
9591338
9591417
9593755
9594421
9594676
9595899
9596752
9598731
9598898
9600524
9602255
9603768
9605411
9605529
9606803
9607694
9607770
9607953
9608400
9610185
9611007
9611210
9612658
9614586
9614785
9615951
9615998
9616358
9616540
9618288
9619756
9620019
9620210
9620262
9620782
9620876
9621370
9621826
9622039
9622167
9622333
9622831
9623994
9624736
9625435
9625456
9626426
9626664
9626676
9626874
9627296
9627647
9627724
9628535
9630164
9630470
9631000
9632690
9633339
9634559
9634810
9634956
9636337
9636989
9637517
9638902
9639566
9640038
9640366
9640870
9641576
9642213
9642395
9642770
9646956
9647004
9647093
9647432
9647681
9648415
9648457
9649057
9649731
9650478
9652274
9654470
9654985
9656351
9657844
9660733
9660907
9662606
9662880
9663541
9664134
9666314
9666630
9668048
9668155
9668367
9669493
9669800
9670030
9670065
9670107
9670464
9670604
9671635
9673785
9673907
9673967
9674489
9676222
9676989
9677411
9678102
9678783
9679009
9679638
9679873
9680778
9680828
9681553
9681719
9681727
9681859
9683676
9684528
9684544
9686584
9688506
9689166
9692491
9692682
9692724
9694354
9695323
9695684
9698468
9699441
9700320
9700801
9703122
9704968
9704993
9705815
9706891
9708327
9711121
9714614
9715383
9715649
9715959
9717102
9718387
9719024
9721740
9722812
9722937
9723353
9723437
9723609
9723716
9726535
9727291
9728405
9729112
9731213
9731768
9732113
9738032
9738482
9739330
9740591
9741579
9742057
9744481
9746635
9747044
9748554
9751341
9752370
9752450
9752817
9753402
9753550
9754390
9755583
9755840
9758549
9759593
9759987
9759993
9760061
9761150
9765233
9765828
9766123
9767002
9767362
9767457
9767886
9769046
9769481
9773188
9773293
9773543
9773687
9773921
9774265
9775558
9775612
9777715
9778012
9779383
9779718
9780163
9781038
9783293
9787901
9788154
9788937
9790238
9792403
9793069
9795305
9795428
9796997
9799167
9799458
9799550
9799855
9800587
9801333
9802915
9804742
9807165
9808018
9809527
9809680
9810367
9810510
9810915
9812951
9814063
9815460
9816188
9818131
9818970
9819559
9820362
9820568
9821084
9821461
9821860
9823854
9824863
9825105
9827000
9829206
9831093
9834036
9835239
9835317
9836803
9837927
9839012
9839434
9840347
9841372
9843505
9845236
9845568
9846175
9846927
9848251
9851301
9853352
9854019
9854125
9855944
9856262
9857165
9860201
9860458
9861199
9862612
9864134
9865307
9865608
9865725
9866817
9867950
9868185
9870161
9871294
9871446
9873610
9875588
9876047
9876162
9876207
9876354
9877621
9881917
9882169
9882596
9882727
9883547
9884986
9885357
9886775
9886950
9889984
9892712
9892980
9893479
9894704
9896171
9897640
9898251
9904717
9905774
9905988
9906869
9907079
9907215
9908760
9908826
9909027
9909088
9909216
9910461
9911183
9911429
9912202
9912531
9913774
9915216
9915792
9916688
9917188
9917640
9918242
9919254
9919550
9919946
9920025
9920120
9920396
9920429
9923946
9924075
9926231
9929377
9929631
9931080
9931428
9931995
9932892
9933153
9933730
9939855
9939928
9940387
9940492
9943439
9943565
9944277
9946996
9947668
9948463
9948679
9949904
9950443
9951509
9951516
9952919
9953629
9954253
9954876
9955557
9958933
9959426
9961286
9966724
9967143
9967606
9968286
9968314
9968451
9968598
9972006
9972615
9973329
9973628
9974447
9975652
9978707
9979820
9981443
9981712
9982059
9982321
9982705
9984464
9985049
9985488
9985536
9985724
9986134
9986480
9987266
9989200
9995791
9996341
9996902
9996962
9997868
9997974
9999651
