1
3300389
7648500
8531806
578157
6137367
7759184
5792068
9387895
456180
7234944
3694907
1536645
4435079
5730701
2336664
462348
3117231
8558710
6908867
8972669
6697866
1331474
5887699
8991544
3054349
8641789
8783916
6508775
2650663
6175808
4708476
2586512
3844247
9683676
5971536
6823931
1315238
9666630
9253113
6665758
5923841
5422095
2270705
8506045
8708698
2224601
6390890
3120298
1948841
2132604
2248992
2374344
1608853
6522661
6600431
4790063
6399747
8333815
6111327
8726532
7464008
6730718
5108160
9429985
1522737
3493676
6652357
2860100
4784241
8392987
2294805
6707302
1751671
9950443
2084971
9064948
2764841
4123415
6515359
5935978
8881033
6951677
5086380
3235987
9221896
7965172
310323
2068895
7036470
2576888
5947476
28728
1555909
4498366
4480576
6800618
3049026
8488343
6045721
5062538
1374792
5911987
4701969
8728558
6910323
42080
193127
4464857
3089483
9711121
7237874
2821377
4085703
7143637
603193
7214564
6757629
8124231
5772125
3497165
7533678
2453779
6466717
4634969
2259056
1567660
7282637
3702627
1466067
2079337
9689166
3519130
945723
9933730
5137575
7925657
1065683
6326708
5014489
5170353
9625456
2389683
6248315
5858219
6487231
68862
8864899
8296178
2723224
5886827
7989806
9052739
984190
3746529
8609775
6746136
5228016
8247416
6485085
4940794
9140346
8652567
8083545
6319692
3734962
5499212
4763269
2289914
2911732
9546015
4865093
8884700
6294045
8392110
3456351
6515334
8219227
7785495
6341050
920224
4957319
5181723
1620003
7780789
5361366
6282963
1386241
3706863
2964056
3346263
1255980
6893052
3955361
7947525
9387556
2203666
2272184
1720898
8367943
9351942
6819600
8995957
5777682
976037
8533956
2220556
467328
423852
8736358
8101536
3997471
2888973
615148
9201228
5575458
420015
6339396
3148352
9846927
1221408
4724613
9318610
7159799
2469003
2976198
5139633
3105936
6432494
2498467
4899265
125275
9913774
4496654
3541192
5814825
4733125
5907670
4072355
5047970
7482411
8528994
4563864
697706
6444236
1440295
9951516
1742830
9924075
8532473
3434750
3629623
4995650
5305444
7225636
1707842
8893910
7544632
4687389
9423087
2047291
3810774
5516916
3987226
2808992
2447829
4423587
3933277
6957692
837184
2150916
2272201
5122078
29745
5780310
7311872
9508607
6185504
9660907
4613630
2776380
4839750
9493497
792460
9719024
9424944
8595210
7396277
3520025
2180646
6123646
7193218
4329322
3113915
7192933
366460
6766259
6652116
6408684
9113478
8204694
8324753
5213127
9835317
7420199
9550998
9966724
2179209
7645020
2066466
1445980
2469491
4665304
4637783
369284
7053405
4220143
1923599
3090315
4489129
6956162
2677446
4243985
5863489
6820526
8286715
5534034
823613
2135328
973428
1594948
3452009
9581420
2203790
4866163
5523868
9657844
2829821
6804119
9391324
9162488
3579355
674601
6345043
4630217
4426156
8942381
8191402
2859121
5344345
7134670
3056709
2855614
9445309
8575495
5721135
9318694
3031048
9251871
5956283
7533795
8535743
2174179
3332349
6887956
2771955
1351376
8659649
2432687
1305624
4273058
5384262
255420
8055328
5380951
101481
6660248
5063283
7579704
7200763
6537526
4509449
2441602
422943
8285011
7913932
6760002
5057226
6690562
3246975
7354091
9673785
595804
4491175
8295268
3097457
5835767
2156282
164600
8364621
4961777
4420346
9047882
4346007
9907079
7747286
9067393
6157170
3109388
7958173
8775098
9335222
224721
6418607
7910902
2039569
8102439
6856550
4898598
9910461
9167060
1051711
9308864
4732379
9290211
1415170
138659
5050973
1909
882073
917483
1356858
6856702
8770196
4688781
9753550
5817671
8916116
2027724
7071207
9187031
4430768
4574950
6268635
7904427
7095912
2216011
4104135
2406830
4353043
4276418
4807704
4465907
6474397
7892230
9596752
7192535
1679211
8901074
8105351
4822232
3266518
8436982
8654458
190783
3906228
3969002
2387961
3376742
8224291
2527246
9514421
5451876
4274532
1022364
4546680
5393012
1293776
3778789
5538129
9630164
2966113
5640940
4388194
8651635
9636989
8846936
2579381
5541302
4171891
4908736
2383030
164700
9487098
5881268
4887198
8582514
8954389
1573780
5222138
4443038
6398481
6468757
7275213
729294
9419243
8816842
8633297
4372029
9350431
8799965
8837035
3303026
9622039
6835509
578815
6726544
3427712
8930437
4612763
2451946
3159376
2756563
4946023
4760044
5176964
7884095
7017699
5218334
5590517
3082671
2239282
5598845
651221
5443382
4151486
8853857
8179929
5634924
5880199
561959
6194763
5700183
3788252
8404182
8808361
3590568
3422115
8872163
193265
5157795
2421262
1185794
7919484
9796997
2969
9117524
9677411
8096157
148731
4077821
2774798
4656144
7314216
493337
3745552
8941579
8618026
6774504
2468249
1823906
6340908
5889847
9739330
5470837
5438596
9865608
646112
9434413
1762833
3696862
5770591
4257054
2904283
1187013
1747631
6709783
1474197
782167
7589142
6378037
9668367
2310247
574382
2808027
7901554
9505408
7992565
5038324
8297105
8950513
6451754
647951
2194930
2177655
7117190
7785604
3510937
7888597
4245725
1483044
7221504
6484047
2424263
8055939
3252652
216379
9646956
5451633
9096561
5422722
3126837
4086549
5428968
5598488
1805871
8663
5544811
2067894
5056308
1846958
9676222
4700875
6357815
2198801
8947134
3449738
250164
5974001
1184229
2226639
3346657
2510074
4611194
6490782
7892081
7833494
1395759
6387704
499560
2935414
412728
3326951
868426
7479798
2597618
5771375
2240462
5847276
6314195
8896648
8315168
792810
9731213
6577991
1843866
7265443
6142455
1389889
8566460
3838311
1922038
497895
4944995
583482
7899588
4502725
6132729
6834060
553095
7104412
7773773
6777832
1712998
2299923
3164867
869221
776737
684593
2719596
7045827
4729825
897346
859711
247559
4984394
3461314
2261304
4691722
4488300
9048464
6705371
9409139
4714316
5288019
3185913
8195304
6104460
8794699
8965254
6218795
1943623
7711271
8986179
4000223
1623964
1452444
4147177
9698468
7711214
4397421
678416
3003618
5099083
8694830
1838583
2159258
8817120
5617458
775263
5872562
2441421
1018877
3660264
3157697
7455491
5625641
3846103
2373918
2032401
4459856
9773293
8652232
5230176
1452666
4449965
7339606
3918841
7166262
2454072
4580889
4235184
192131
7730824
5387581
8581882
4744857
27622
4908646
4733640
9177138
8777091
6703242
700962
8851428
3018981
2757695
6413938
6209149
3461511
8676270
7035171
3810171
4997595
9769046
41957
5229839
8512009
4880186
6843653
3312936
1870593
7417759
2008201
8452116
7652904
6183380
9026029
660487
3458767
5595405
8677387
2196533
9775558
9909027
739248
8220985
3858371
1318491
6409198
504017
5860122
8250763
1022108
3821276
3421261
1054957
4850269
9201226
9904717
6044701
377249
4544869
8522170
9800587
5219165
1874136
9326886
2819487
737369
1393046
90680
4502069
219924
2932808
7243723
3798164
1855255
9779718
6400673
5298102
5711121
5848246
6124858
2951543
9542744
5677017
8102726
3800974
9652274
1302390
9416824
9152870
9989200
4165890
2952676
3264680
7687190
7880568
7649409
3076318
3334475
7357916
9714614
9275540
1754051
422574
7472252
3592709
4782766
5349216
8060376
5824898
4042031
5789683
1272184
3160845
7398657
6552342
7010148
2159803
9339940
1520221
3424910
6776252
5580457
2590136
8138969
4889745
1133339
8445564
3447428
2312642
8200536
4945995
3396488
4488036
5556393
8062560
5863748
442826
945102
603221
3699262
7977166
8609697
4041160
1110713
5879834
7987734
9107251
1858842
2025383
6008884
1368350
9727291
8659993
226725
5054434
7180906
9199263
1883498
1447954
9207250
7188884
7058055
9593755
249539
6382101
4028472
2288254
7909206
3046205
1755188
3435605
7074379
6725582
7670568
2681539
5141622
1207421
2418739
4163040
2781090
5708241
3941653
3320271
8162097
6261800
9404422
4544064
9093523
4841392
4141941
1572842
6889599
8045544
3189690
3767737
4094690
9476063
4472905
7474457
4034756
5255322
4669055
671473
3734753
8830641
763696
3341788
7364349
3759640
6926112
108495
3703795
9912531
1909456
4581569
4037393
7431144
4789506
7479772
5935966
3286237
4568066
8682628
4775372
3940655
5654908
1839591
6502739
5911387
687806
5822680
266406
7458385
6430850
2568897
2828198
8973678
7093692
3008004
9870161
8455689
3000295
7604983
7121712
6478651
8677637
1704549
406873
2379470
9759993
9115268
8548763
1500322
4644888
3146966
8686873
1545020
6555946
5249495
86940
8202636
3112957
1763253
3236398
2054278
7682944
9132605
6092543
316328
6718974
4422886
4419183
6314924
1621474
1174858
7345367
5056379
1454396
9625435
5981481
9120276
2226319
1977940
5313265
4958899
8560159
7483852
5218699
6001391
3038498
7508481
5206274
1319408
1660029
8033753
3332851
4155721
7467580
5601804
9973628
3604066
2813663
6562770
1739367
7529866
4237395
6460120
2055626
8857810
4755730
6870653
886704
5686472
270725
5971249
5822823
7103150
1063994
6401487
9378142
1707367
4464633
4663725
3373298
1984274
9380780
9006715
994056
5496615
6205850
8090538
4556282
7242700
6806632
6439960
6050834
2389965
6809167
265760
4295675
4574651
326974
4228219
919792
5210073
1310235
2474871
2131072
2363913
8918068
2039304
2487728
212296
6928356
6305510
7700542
2896611
2094594
6041714
2921582
877605
7006867
945002
3619157
3320008
243937
636178
5317255
3901252
3551431
1320276
1295108
7236272
7355549
5743535
5243996
1421568
3881099
4854439
9050634
205300
7062104
1217065
2022753
8363392
7202286
6687039
6049318
6700773
1217916
4659532
8964799
7270950
7678985
5917962
6345268
344963
704195
7428162
1219109
8455334
6456744
7800520
1103316
900635
2229968
9190090
1909344
9065113
9228962
3900943
9033160
7663052
2422531
6489525
9875588
1014528
8115384
961619
5478779
3450578
5937685
9621370
3606050
4286933
8068602
7208049
3353065
4437870
9544523
4610754
6810595
3650481
7739703
8917728
1421479
865129
8951732
2044006
7417395
6852152
7878633
8594398
5813120
1155030
6666368
7437493
9131141
7508859
8590651
3257336
8494663
3287461
4689572
8564631
2960777
4833651
4839805
6068474
2860212
9877621
1288049
4285227
9326789
8308321
6751037
9818131
496130
9602255
8212685
7020038
3289272
863066
6877979
8389119
5246644
6132782
8262147
3249251
1903302
9984464
6251584
2808867
6339287
8967404
771179
6088330
4359078
2624080
1224277
1894897
9721740
7461550
6632111
8251116
7569914
4908395
4147088
7537503
8139211
3003161
455822
9848251
3720301
3376366
2660667
3805657
9591417
4769512
2107869
2101666
806734
7069416
7317785
6256711
681825
158774
3564963
3758795
8549509
7962953
4812637
5042732
511541
2229735
7254833
5907415
4469641
403346
9017723
5438335
6944586
9346235
69630
7653025
9484754
5520815
9064234
6240499
3385921
9608400
2055965
2385948
9732113
5244743
918596
404214
9253671
3061177
6275338
6869160
8471115
255192
5226280
1565354
8004406
4342245
8332681
4504175
7945569
9087779
4365398
8310426
4222556
1992675
6155808
380631
7445066
3784060
2131214
8096632
2325638
6064789
7739259
6978498
8335598
8800507
4907874
7527129
8349402
2021470
7881191
5716621
1727859
8657557
1730748
5665554
4689304
3623037
5883147
1140463
9622333
1617887
5516898
7876645
5181570
4597421
1963979
7143810
2927675
7188220
4150737
5654207
2821601
5984201
3686249
9893479
5470720
9346954
3754175
113955
6506823
4941041
6050149
1080283
215258
9224159
9915792
6858591
3579200
3683711
3214479
6158806
64046
2707019
9787901
9362374
7668725
1621813
5895084
7982381
9519284
9363348
2559607
9509521
3535017
4179406
2970028
9815460
3849020
7941386
7469718
3266445
6059681
1800851
9839012
7453231
8999400
6746520
777769
3947302
6252351
6432868
459060
5492468
7279947
2171668
1951643
2232091
6576433
3979495
5388703
6105113
9262882
120070
31210
4914364
4090727
7527363
55015
24934
2872555
8601149
9532094
2736526
3032300
8110622
7280430
703332
7117494
9033631
4832987
6134465
7819014
2855676
675657
1756078
5878276
4295750
409578
3660242
6495587
9320258
9908760
3934890
3604112
9837927
5220732
8055084
2325510
6721292
8450288
9305528
920601
5141498
7282894
5322958
6258325
2240859
9603768
7456087
4868528
682405
9036489
3458464
9722812
6064770
9873610
6883075
8992990
5299277
2845843
1186229
5785129
7192235
4565379
661535
1751036
9235905
8871939
7143020
1468306
4684858
4605292
2532861
7708309
4910166
3984952
1903384
3520510
65583
1730235
5252209
4210507
1172078
965932
6381519
385891
9513327
2584218
8696530
3740689
533579
2363507
5028067
4820785
2662322
6901487
3978713
7134956
8801703
3920533
422277
1590692
8898077
5780255
5471630
1897597
3596045
952127
7171886
5598070
4284508
1458624
9876047
5526986
9396332
5017728
8239679
910873
4609975
1257837
4644201
9246087
4392303
183472
9293361
6292473
2643968
5735859
9438664
8019910
2302322
4702828
1528518
965178
5603382
6650084
2185535
4007862
937757
6301478
2502766
8048460
4827312
3871732
7828091
3842919
8022115
9557696
6135988
8349788
58874
2899074
5266737
7459889
1088620
8418955
3189668
4806555
7452161
9586110
9141927
8389515
4395091
4455345
2694212
4467570
5838388
9556195
966549
6503919
4569571
27277
6581373
2214087
9514759
5930163
8523712
6081370
8904281
3871211
5877559
47532
7595713
7464271
2849159
7275188
6747338
9349988
6634035
6446598
2931589
6623237
6595398
7258676
5661723
483696
7519827
1051587
9458797
3130825
2491305
4960096
5880134
9746635
2460493
2942457
6002123
1371801
6135052
4801054
3205059
4420480
575498
7761409
9546058
2868873
9379422
7498201
7055251
7485114
2766989
3216529
8913110
7998272
9416629
8148452
7426980
2724269
1730175
8050134
1431190
5940217
796329
4734794
6082165
4946481
7870737
5336174
9294433
9222151
4277969
149420
6854023
5759425
5603846
6317432
7048542
6164064
5530776
5038314
278231
2862923
8208062
2812046
1344999
3154498
7003936
375139
8285721
1901425
7113193
9226486
7252151
7887321
9799855
9626874
1034000
6133319
6564875
860994
9417888
3294197
3489608
913238
3652770
5208171
3354789
6117611
7556000
9752370
7999512
5880517
2932477
8539466
8675012
8284347
3155040
9916688
4098131
7329635
7473235
6415855
925378
4215347
5265219
7037099
5117494
6446201
1769090
8355075
6001000
4225901
2884256
929865
7141019
6047148
5029957
6929529
2571480
4438026
1602742
4570675
1145927
7708577
4056862
2151900
2520512
8553460
652393
587795
6537876
5524815
9552058
1920391
143861
8390348
8294856
2621730
7051087
2131255
461021
4969375
5826344
8564327
6615493
436065
8918711
951841
2914061
4947892
3138817
4910274
3968303
7405355
2441880
6166658
4093785
7790971
7724793
9670464
8857267
6025837
5144091
1154799
6756685
6775594
5752277
6466457
6408916
8186772
3330807
1540697
9025614
3948522
1045318
6722357
4700694
7196558
3110561
6345032
5116401
8811211
9769481
3527667
6815294
4207061
4055517
3861976
5485155
7134886
6144089
2598008
4402702
4586497
864590
5556697
8054450
7322258
2369577
4639680
3032231
1144182
8064770
4956194
7501740
3538139
5108245
2160700
9247020
731788
6215240
2285476
4551533
1971656
6640177
8783567
9773188
2133294
9814063
907136
2005771
9446264
6323720
3632721
947652
1460666
572034
411040
9061699
5935180
3284575
1099954
2578802
2514516
4688638
1633323
8847705
4710489
6287399
8760568
4374857
6422238
2318266
4183863
5812753
9681719
7688555
3440709
4847149
4429422
8653610
1751055
1630000
189141
2101614
4600163
2352225
2823971
8004603
1271203
9865725
6062384
2488273
3445514
2600163
8293342
5081827
8756898
3473428
2753223
9461071
7562611
7762896
2072424
7974344
7309383
5736726
3372166
2889037
3082583
8071171
719975
7225637
1767931
4144392
687751
8345937
1855938
6091133
1360110
8436792
716744
7901737
5775837
4957030
263901
7158781
4900253
4507504
8625405
5876298
5467489
5553188
228501
5745347
2533683
4491961
799612
8269419
8901789
7499341
6278290
8297918
1107486
6603284
4151769
8657309
297987
4449991
3760479
5556637
9070417
4333070
9093244
9933153
8486065
9419019
1235653
1889978
8209467
5723706
9630470
2785180
2743399
5015609
7721555
1745830
7991705
664884
2002464
5094550
3435935
3318567
9594676
4700498
1085300
9642395
9043010
2742168
8021135
5721770
3470175
5245079
3996797
5008996
3419156
7239900
6219844
1204919
3668550
6680243
2280665
3892053
1203949
9108425
3721270
3058471
8491521
7517053
3190016
7571913
1055728
9361324
4114624
6000347
8188385
6521633
890584
2766591
3812659
2081897
1760987
8470261
2013698
3688583
2801409
7424236
2351376
6954635
843029
5978943
8842677
2341764
3136964
5444498
6657107
5044224
5408069
4975988
6737665
5136895
7627966
820098
6366706
291249
5498467
9349640
3338796
5784213
4910914
2969771
5236380
6475283
4133900
6044908
7146047
7143645
4512968
4983367
9013528
462090
8544819
2179592
4504464
5567560
3542472
8699285
2760019
341734
6622901
3163441
5791003
7614051
3706802
5302786
105631
5297054
6403217
6039677
6018063
6086459
8061920
1269951
6314518
7385412
7033514
1101402
1309
9654470
9995791
4111271
2046895
5122951
3469152
2615431
2853665
9695684
7650086
3426520
4555209
6460374
5918817
5521848
5971497
2604998
8256168
3822525
9856262
8232145
3539738
5708963
4289116
2105458
6729332
8245962
8373033
4918191
5292766
7054885
6139303
5355277
767125
8606433
3866296
8485979
3751046
1584790
9708327
8290537
6010821
4196359
9336208
6203776
6476312
2926121
6302991
9216652
7335540
6571401
5965447
3546238
4144916
4636550
3350607
6943656
8770123
8730858
2156575
1427087
7911969
9374850
2112777
1222313
4552285
1549379
806726
4987066
4895469
4849130
9321105
6049235
511524
8973993
4174340
5682290
764372
224713
9620019
6958723
1508201
7077726
8048866
1693821
8076190
5256560
965027
9068891
9281724
3571967
768202
9777715
639044
4034086
7995342
500661
708215
6617602
1836461
719862
9571094
8170362
1959863
8139497
1095200
5129125
6422069
7186200
1585010
270641
6758698
6791684
2027766
4775704
5702852
5357510
3202008
1482897
2580786
3397358
2762982
4571091
4940433
2672690
3167207
31650
9152596
7176838
4291411
4636351
3638114
2323539
4006701
8414458
2650208
3567384
2715526
3279694
4156668
9211983
8178247
882623
8647567
9220814
1545306
1546124
9656351
7751275
6846201
1440796
7873207
1518119
1017870
1850362
5528225
1210142
9028654
2595600
9627296
3371094
9600524
3240562
8693658
1706197
1374739
8051339
9391347
2586357
5388630
7892588
7032251
3692962
4837097
693982
6889923
7154278
3245682
5827344
6324809
7635693
1474906
6487168
6326248
8843815
9615951
6811905
3153748
4228630
8289340
3735104
5619756
5616022
3502057
2543985
6965233
9124985
5763454
2388009
7788430
6502519
6858903
2130887
2295123
5470562
8885509
7688346
3535335
1031084
3789745
554352
6318107
3711716
1822369
7135679
2370518
6232071
334
1834051
9401208
1483039
3382003
3124389
1363926
950893
5154258
4252292
547991
5017818
4904016
7935582
436982
5012607
8376007
7390143
5212731
2845975
1346302
8801521
133686
3038960
2288024
4023603
4908257
4490849
2744009
5895100
8685178
8276165
2610105
171300
573107
9679009
4160356
1535499
9262403
6849824
8000837
5508317
1604461
3269831
253144
2636584
9192051
1323142
5226058
171660
4218809
6721782
1768242
6320728
4228339
7269418
4355448
6656614
2646386
3812036
1841295
5850070
4236395
2986451
6744735
6809471
4346225
6611809
1617982
184711
2111608
1964778
3742060
4473847
8640847
959377
7940708
2897557
2738944
4040460
9513694
2937575
5785685
4477852
3553889
4075183
4700471
6133131
7264189
8666874
8178114
2496448
2227039
9103532
1806137
6737251
5615312
1793544
4276127
8283982
335347
9773687
7101044
787059
5280889
456449
5813631
3835548
5728651
1071255
9618288
7851330
654853
7847013
2384746
6958014
9679873
2398013
5493465
2035587
2149360
6921238
8880774
4416361
4355244
1557811
7077343
1837240
1371126
5719280
8662496
2894307
138754
4045260
3734183
5492053
4143521
1402164
8656705
1207535
1935592
8917916
7674108
768247
4768789
7420571
7978185
4733524
9543196
8993953
2532076
3398765
9892980
3996757
767295
6372612
7813710
3132903
5674627
2986526
9663541
9555103
8772083
370729
1801540
9047742
9052855
8818465
5333015
9082662
6174064
1036348
9673967
6072439
6723507
9504634
5605045
9896171
8503163
4735145
7659557
5896596
2564910
7943296
999328
3879248
124760
2456164
8025068
8359346
4543986
8516247
6176446
8973425
2388971
3698447
2863501
4496478
1223792
3463143
5184056
1936975
7053815
3748769
3523819
7503798
5924891
7446157
1545229
3843242
2010859
1973585
4509200
5965764
9261504
7852095
9619756
5148349
9987266
8165462
9187312
7417725
2989019
7096770
9760061
7521201
9295490
3301176
2369975
4646915
4073830
1649741
4331129
6008350
3145388
1481177
7526218
4228722
8280909
9561895
4108232
1511804
8095300
9535032
2471993
8491951
3461234
1778970
5904298
2477375
3942440
9846175
4389219
5779182
1002248
2468285
5143345
6584569
2060575
3630383
4707702
1101293
8981377
3682235
392686
4229435
1561932
701910
100158
3937876
1079010
1081617
1929202
2835420
4248377
1062212
2915953
3418043
8179649
7218733
7912964
8430720
4932103
9620210
2839723
1460049
9985724
9747044
8243462
1378663
9919946
6869161
4678800
5276861
5591939
1128119
2078824
5403054
7103021
8106302
8496734
1033870
5170850
2768545
8074905
729276
7945458
4794420
7832926
6372318
668988
2890837
934804
5042316
7770913
6455834
897390
4720881
8377224
2174638
3852283
8771280
1315292
6831593
5801084
9086810
8903018
8958594
6136848
6568524
9333846
9926231
3435991
7050973
5668421
3465114
6944247
1358808
5504883
2064603
5278452
5399181
3724204
1910088
2536339
6897419
694619
9615998
3363460
1748526
953784
3689193
9944277
2475515
3333910
4525391
2146008
3547156
1970206
3482305
6426954
4601578
9961286
2900631
6142727
6981815
4919427
9728405
4046555
7158770
3195706
8333006
7361036
9257677
1701295
6696341
4865925
550242
7517060
5582623
1955123
9047777
9851301
5862918
4041607
7528245
7861259
5719543
539465
662748
190046
2586742
7842273
7574761
9884986
4157476
7689977
7321961
5711035
5214009
7904563
109947
3988146
6903261
5929756
3821406
8624573
7510910
4980312
3198857
4015452
3174390
6417707
5581134
793186
4640360
3625503
5699305
498324
882777
7223345
5232330
8825653
7520719
9738032
7689368
3360927
9234457
5946715
9751341
3078405
5052608
3296521
9985536
6239476
8034022
9040643
586935
6162818
2032645
7688806
8327767
8117756
1092590
7409999
3787499
2165548
5683616
9179803
5622275
7621827
3712271
6851556
1440290
8419124
2290465
2113135
2096608
1115881
5163649
2757522
7356169
7238140
9680778
5814737
2974501
6636701
9616358
1287291
5914758
4233407
9632690
4814992
1032811
3507019
8608404
2453438
3851440
1405933
4588482
4219219
828160
8886315
5821280
2586459
3990536
7487339
500270
294187
2404997
2548749
2407114
9452613
5096671
2828498
8349946
7778969
7510592
8986801
8916398
5589113
7298921
5997167
2460383
2780545
7315853
8893953
2882478
4588904
8943577
4056511
8468932
8592146
8926133
92229
1515119
3145456
8562297
7138610
6075000
5529554
767130
8786883
8582956
5674567
3613566
3172688
8112689
6097038
9557026
2901905
4600523
4093546
1150589
7195659
3793669
7076367
7046755
1943692
8947578
7272860
3179537
7793753
1438450
8503821
9365913
3473302
2239824
2193926
4539354
5855243
4343659
5264539
306765
4818974
9381978
4864860
1329441
6417432
3427595
5427063
2070195
7767160
440844
579088
3974040
4972703
2596800
6679551
731657
3662057
2460635
7642684
896127
2848180
5094240
7248525
9752817
5346083
3605799
4545984
521512
2395357
8299551
9853352
4877998
6797096
6404814
7892506
755778
68254
3548983
9318131
726174
5993007
9882169
8666867
9929631
5667471
4667165
9434377
7289499
7856449
1108720
4909616
5410525
4389053
3097213
4006836
6709829
9908826
5148000
743340
5969573
9611007
3771582
1070933
9197448
9723353
1221840
7676477
2163750
1639461
4202720
5055651
4978190
3541351
2668406
9688506
2509923
1381847
6403331
5406690
3583453
3317681
7317125
5680364
8478466
1442026
8232575
1537010
4617055
8680688
2520150
8130273
3597221
6244631
1017846
9767886
981995
9967143
7809228
2858243
5906353
10797
7897925
6574513
3869870
1775906
2575873
4553202
5236352
8289309
3209354
3452599
909449
9968451
8712600
3645817
8859328
5882338
2427006
7898755
3275609
1632194
2189555
4659840
2677203
9163385
3307213
2769969
2904440
7708553
5100441
3619956
4248644
4742573
3351582
273867
7433612
9428115
5737276
2235268
7300133
4746793
5617967
2432559
3226433
1408807
7219495
5336464
8569992
5167942
778612
8143036
9954253
6948886
7157736
1374633
8443777
7426613
7913892
3317492
4128666
1697291
7405065
3736044
4775627
5053586
572959
6747917
6047718
9500292
5211757
503727
5547507
6071609
7728957
8997371
5458073
9405793
9214408
2977138
6472312
2687383
6246006
3672572
6247727
7742899
2429342
585883
1062804
7939670
1276601
5713294
4057760
8545738
8230498
4735773
1735892
7807994
9206609
8678384
6700286
4046500
1394315
6468949
7532991
5908752
8577261
9788937
3737574
6303241
8366557
9755583
9845236
5587025
747599
1895542
1944850
9605411
6156507
4390044
9894704
898195
1041331
6462284
1748219
7423233
4093069
148615
8284873
7691993
3775200
841200
2474995
3316562
1569664
6117808
9347459
8849190
7049396
6832544
3458851
8074035
4305688
6971169
2255254
8098630
7364153
3683257
8237785
4064293
5415323
3186279
3713208
2784679
2258502
4970113
2797957
7384124
7995474
7505567
8250068
8240287
7514039
7574143
5975473
2868490
507656
1489424
4287466
287446
5274022
4281216
7872187
507569
3025184
5020731
747143
8413338
2344406
3490629
6248256
7300871
2779114
3427412
8764778
5076628
560127
7150813
8580987
5876879
7091509
4657201
4751786
5587761
7752288
843381
5623600
2021457
346221
7460733
9117367
1617394
6270467
2697370
7975945
1430934
9156569
2789621
2045232
9968314
1917589
1334948
4051665
8655904
3483530
6765257
7615865
2665387
7331635
6190822
9057065
2305088
4410203
8434915
875961
4672208
1559558
4729603
7960367
2032956
2848981
3509252
6347854
7646295
3460636
6110559
3256690
758649
9568911
5407379
8346481
8787803
9765233
8830687
4875166
3808933
2861120
2186639
4189593
5837969
1206337
6163558
9222519
751902
7746452
5997165
3199345
3877017
1914121
5393926
189652
6619573
2714235
4696810
3765931
667498
9955557
9820362
1316617
6690458
4764652
3858039
7684349
5826877
2472124
2774992
9414264
5001515
6366672
4583500
1075966
1779025
2871883
6852764
2600874
6792911
4276101
5959175
1723619
3556343
2301110
5500733
9432497
8822708
551752
4696775
2135572
4745309
9939855
2531764
5183131
1462200
1380025
623406
9174376
4613315
5963439
5909975
1101482
7769828
3041103
1933397
1138816
6609856
8354358
4342473
2917224
4467148
1606784
7480443
9598898
8650002
9047168
6652770
5443053
2289444
3789840
3227850
4691729
5693675
2546147
1591305
3637038
9949904
7519269
3529405
6410881
6957033
6937897
9184745
6739898
3692202
7029417
9566014
9301129
9170431
3953420
6321719
6750269
1809754
6445465
7551049
8664208
261188
2323418
1372345
1899835
7190838
2757987
4467929
5147542
4617361
9374719
8893550
6831115
5621472
2651314
6291244
3843338
9121417
5949293
4334150
430393
5919961
4973850
1557884
2732473
6646144
5438645
4785578
886562
847784
5139465
2624023
4222023
9187982
9305843
9162482
123831
4260938
3737207
6157949
9143647
9224108
2072787
565229
1806695
3692693
3573762
6361671
1799524
8153136
5337039
4989788
5381287
667953
3168273
5670092
9186693
2552850
4329785
6682610
707747
7616372
9195692
2901813
9700801
6328486
3545890
8649961
4877414
9795428
5271168
3297175
4548802
5011307
8336259
3229165
8531389
9396584
1847741
1026992
4943034
1194922
2064563
8078059
5684107
7407808
1829952
7139220
4382565
5399586
3373139
1781986
8317052
7889166
2968166
9148072
8869884
9574085
8530273
7501516
5245125
1906451
9808018
5838149
7934672
7582628
4275477
206611
1313568
2552449
4122507
6640211
6886636
2396779
4739146
8310635
4594959
5805483
1129982
342860
2377064
6714813
3949452
7610566
8143406
7558672
7055235
1813649
6431870
2055395
8334290
1877300
6500291
6553059
6334933
9183428
5098042
881394
4471872
703362
3153026
9403427
9090531
5162072
5995520
1400168
3030407
1068957
3929089
9183003
9501405
2458622
8914165
390665
4728497
7634073
4043778
4018184
7470104
9371177
7153559
9948463
4227515
7476918
9269091
2844121
7451432
8288878
4647329
7608404
1575333
6789243
245757
720599
4202071
477869
2144056
8961172
4262005
4643110
7726623
1734096
8770240
4163959
484607
1098877
1250629
8436270
2796342
4312974
6701175
2498773
3679259
5634981
3049283
5312783
2500728
4691375
1483713
4577987
2410414
9089789
8841182
2020092
182617
7338839
8106404
1458156
3145155
9704968
7671200
127507
947344
6179899
2722207
4070908
8333804
4188329
2288395
2733042
2819684
6153390
7132291
4897650
3793243
2074604
8920853
4646684
5995838
3147298
2888453
4235347
9222938
3118101
6470715
2441300
316081
5497114
5272047
4825577
4043656
5424611
8291274
3733277
7584348
330497
8835760
8761715
786431
6164199
773321
7068318
7854003
2530963
2401650
2109105
7528882
1920739
3195908
2029074
3408328
9353529
9676989
2401230
4406699
9459979
3854243
5706774
7462049
9341413
4950365
3338155
239372
5844160
6358591
5867050
6084034
1559318
7727159
3887518
3352237
6200110
6779876
8095316
6576375
6848188
4208175
6907723
2662097
8597329
8712538
1125939
1080511
2901579
6420323
4337022
3293577
9442997
9773921
3160173
152743
1241477
5988118
6585852
4476621
6738052
1454007
6349988
6315921
584635
4648371
6607864
9038168
4306344
7570068
3058379
1197056
7069593
2328218
9445262
694930
3167481
4239225
402082
7709330
5946026
2613108
3819114
3275973
8616134
6387517
287940
8701687
7305658
3295157
7127709
1039198
3454055
4244373
8524507
5411284
2018462
5179537
3792345
4090885
9009259
5490202
2499649
4716320
7531870
8573053
5682139
8844235
899008
824802
2693666
365177
9410146
1827323
665464
1955755
8625885
9766123
7401997
6902453
5386595
3262942
9919254
5488058
4382915
2105204
4489909
468341
8989387
9821860
3513825
4160687
1060307
9263384
2407177
9648415
5290849
7767120
2008428
9678102
5562164
3528738
1413570
9255348
1781027
6669904
6779561
883551
768396
2054448
975533
6344650
9402717
7416838
2645079
9729112
2102523
707353
3908571
1405005
3130719
3798952
7148239
8646495
369601
1145676
3559660
2323926
5539082
8569014
5367019
8319667
5657225
4062090
292627
8610825
8400607
8408655
2756379
7896662
9886950
9931428
7341750
5993810
3485561
7509245
1093599
1856662
7101340
2184814
8736236
8218383
277785
8204832
443452
9841372
5873482
3816443
1145877
2232341
9216909
2236520
2759400
2534441
2041238
4345105
8845385
6781909
3528122
2366973
245532
1438082
6039790
7708014
8931526
7706334
6238390
8017826
7112837
3539460
3792808
9649731
2691374
747841
7321676
2069031
1294991
3646481
7594218
1198748
9741579
2345230
8710727
5800450
8497030
7535182
5831263
6342792
3914480
4064147
3221228
9819559
8259843
2345530
377099
2966004
3969834
41755
288893
4899811
3775451
6418206
4606733
8682501
1585876
1850907
8168947
1852144
2418725
2261218
536547
4113537
7725790
9015530
4461486
4103839
5925077
4434650
6030721
1042813
9640870
3143944
905276
4254706
2514233
2352944
1986247
5697234
4805646
9004387
8616395
7224547
2622450
21149
2077468
9330592
6405624
2729436
3880913
8382658
3182049
5268472
4324265
4613853
8449797
5796626
2834153
4298134
5280145
3681648
369204
8240199
3315169
6783792
9788154
1584643
6872631
333677
6817842
5413584
3078097
9624736
9974447
8459666
1713243
396591
666760
929252
2157764
4713214
4085068
7712921
5890127
4542146
4455277
3789728
9401438
8767907
5535182
2459091
5729570
4750877
8942976
2013848
8683781
3342535
6413908
2302121
1464723
4677866
7059043
3622960
944335
9381046
7295182
916601
5903624
6608038
8380854
6689027
77187
8548355
6055563
6284227
1881823
1944256
7182788
7159344
3811383
1197704
9907215
7776788
4368335
8872554
3945587
5240244
8256220
4958851
3362996
9660733
537814
1605848
2404701
3894875
9666314
6539312
2812925
3905559
8798967
8639061
8584223
5799899
3856602
2935439
9931995
4075589
3434018
4047401
9767457
6552640
4374405
4775763
1138363
7900760
5963418
4834433
4906612
4954474
9715959
8737408
3133277
5016579
9020468
401796
7670517
9233381
930681
6814223
6308499
6526329
5312482
3881953
9892712
7941923
1766146
5663220
989831
6102401
2303824
14558
7612015
2650117
6813797
2231530
7281631
1892330
9876354
3519440
9905988
7626140
256891
2749165
7170167
558061
1244773
2775298
3506583
3735202
3823369
6317709
5565519
6056414
7868607
3605019
3419204
8519544
3867153
4436094
7567485
1536878
2266625
9365414
1954197
8773951
3709111
1105437
201576
6102236
1401369
2501066
5569711
4547188
6470711
59145
4449117
2716439
7384994
3973428
8752368
838618
257313
5675207
4898670
7259637
5876305
967329
6382388
3072020
894751
6698440
7646841
5387269
7361460
4318084
3668071
7343246
5035298
3508902
5332835
484253
385546
9436225
8985268
7817371
7719609
6604237
3794699
7377764
1370420
3820262
6558677
7476773
6909253
4566760
8611653
8418234
3333483
8909079
4219140
7173271
5434678
3336655
7114381
9920396
6190989
5544485
9759987
8460631
3300055
702131
3700551
4420461
483166
5450569
7420720
2381963
2435708
9920120
7112782
7286676
948044
2317353
3486940
2873293
3258412
9120323
1831536
4258565
4084447
3271099
85651
865050
3440133
6285702
4437979
7934962
2537219
3431564
3115238
2969544
4475607
949521
2803768
1083411
6162786
8004039
2712082
6616888
6768126
9112932
1243551
843496
5680058
7518650
933975
9634810
171847
5009252
896497
3586551
1516586
1227555
272453
9975652
7754404
6991199
8877404
6723403
8545803
6703105
9579023
3058042
8071860
9516340
9085255
8257607
1375146
339587
7111041
2626461
3645486
5737336
6660709
1952611
5567606
4366015
2314108
8719910
150545
956703
2068641
1515562
1985772
4519533
8469845
2232705
5033115
5250387
1534414
118602
2230483
1868652
7916746
2897934
5918572
2904806
3874031
6569635
113802
5044600
4002392
145523
3152363
1642012
9503430
7821302
7103848
8986364
6229252
6194853
7636858
8562541
9249166
4534521
1420961
2073496
1984772
8056447
5077088
1885545
964382
2936793
3330179
5512135
2684441
6638810
1771457
4630034
6654559
8497924
6926541
464572
9614785
9530214
6468060
2200772
6824797
6881294
5403858
8936659
4833049
7286835
1862497
1344566
1007918
8846623
5198426
3130839
1304066
3186632
4333883
7526891
5411112
2340385
9669493
6029682
6441302
6788191
2323306
4050584
130223
4232193
2347233
5045065
1562723
2011621
8241086
2936057
7981100
1630500
7578944
6088712
3692670
7373131
2468969
5687466
6814510
7459179
903950
1787667
4483642
3246835
3897588
8627640
7544275
9765828
1359107
706559
1323263
1195611
1035840
185089
6833612
4434139
6707437
202351
8877716
322562
9598731
8469084
3904440
4076526
4525874
9967606
6439802
5663099
2610126
3677513
5266739
8711380
116477
5354103
5634417
405428
2754736
7671346
666153
5288082
2391903
8849649
559512
7717356
9584442
8941937
331256
9452958
4731296
6078414
9821461
9061970
1944871
1009994
6303041
7896089
8117402
9577459
715493
3299167
3630176
4615266
6919299
3795552
9265718
1610614
5766020
370568
6800752
9647093
2976497
4673176
3730181
6132605
6596961
1741415
1817087
7257773
3117989
6464337
6337221
8589151
4323960
7262390
6216552
3350182
7118661
4451206
6278449
1573151
4747505
355274
65028
4534829
2646817
4594223
2583086
3438934
1749151
1083563
4000738
3411303
6172871
7321234
4710902
7597893
7496467
9533197
47745
8671496
422659
9620876
2531978
8320115
5199235
8868163
9929377
3690569
3433356
9251451
5825548
3376604
7919540
6606995
8877390
7792361
9164396
7400529
4057900
4774112
6901659
780537
6265423
6209407
691323
1020214
4854002
9543398
1029830
1217166
2461547
6072401
8057952
1576724
635743
6078324
3342952
5617654
7555158
2369950
7123428
4673683
2521712
5407497
2953843
8370235
5822675
231482
3879798
8641575
4323733
8770405
881616
9801333
567122
1464057
2297179
214295
6119107
2898132
2927620
9759593
9218186
6269286
3278992
1397411
863793
1830062
683077
4387367
4631361
7840786
7256971
905024
8520957
2975004
7885146
1679632
1672750
9193101
5759331
7804041
2622026
9818970
621316
2659753
247372
7932604
9610185
7374557
6264741
4814961
7606259
4539299
3562566
3961000
4004085
9634559
7174600
6020395
803276
5639305
3661929
4296107
4243186
2302940
4576127
8344296
3318852
9491243
3917134
8165750
2598667
8420106
9648457
5933549
3204725
1023809
8146421
4729292
8602502
6535861
8544734
8568036
3643534
3654214
1976855
7032611
4176330
4649146
1545892
7299542
9508344
8811571
293302
2872533
5450218
900836
8779986
555159
7702514
9940387
965517
7240903
3606076
6758797
9641576
4340859
6390383
1785901
805419
3200098
3147668
4567650
4340553
2785530
9190253
3539301
2761667
1106798
3871999
8564346
205401
1913124
266558
1317472
6351149
2502647
9061893
3954436
3899085
3236046
1661299
9160193
5714367
8128145
5352400
4739252
4842331
4688485
491734
7234961
470253
420057
4379926
3288420
2068429
7243163
4064928
2844377
7068998
3352403
486199
8665409
6867761
2303836
1127807
6620386
4055137
2123155
3150513
5656904
2370296
8395273
7427038
1483975
3685919
1767395
5548979
4876042
8844720
8182967
506749
1599708
9278882
4145154
8691059
7502670
2159094
1721425
953831
7306285
2262266
5735765
7951371
7567986
1630559
7427562
4392755
7679951
1900876
9406370
3995014
9758549
1290661
5938625
8381618
6002591
9553311
1589401
8346643
1374691
9836803
1888430
3575758
2893848
7584050
8965735
4498556
1663331
1489321
840360
8699917
5758443
6850720
4145759
1138552
9277676
7702009
4186217
4531672
6450256
3582211
352347
8130030
6797418
4087277
7977863
2386958
5307917
7316819
5222945
5292956
4415998
2441506
1141700
4067438
1691296
2692015
3567889
6089429
6877049
4762392
8381079
9048891
9982705
14304
4140884
2786953
6316837
5409420
815746
1289648
6943869
3406554
7849943
9259685
9437984
5539106
6316186
731616
7626741
5491779
8856401
4431923
1385058
2795464
9671635
5906438
1667483
8425250
7075408
9466745
2557875
7620726
331425
1530554
5440241
9429022
4654536
337514
6439688
7525114
4476681
366170
1494132
7560144
6646401
468911
5465996
5317453
5295717
5410779
5407082
1583977
5896922
1569984
6734090
2130229
8763149
9638902
4163033
6145604
2814144
214799
198895
684565
2052183
79197
2925221
9290345
9790238
8440801
9795305
7425620
8618336
4471355
1445519
3023710
543464
3236570
4103454
5426700
4470780
9353601
6459749
7385804
8618069
4516619
2999458
7220282
8794302
6493379
3540914
3872454
1142475
2526059
5356265
2209056
2785437
1583380
1905135
4886478
9212437
2701319
9594421
8347065
99047
4662049
575342
9527744
3925866
1116004
6462952
7599649
5694462
1177628
1124200
5285500
9459464
3557206
6642736
2257964
5663040
5980238
3378002
3120984
5906312
7563512
4008377
9415666
5653579
3441873
2792370
1672878
2580879
5872853
2849420
3759500
8354878
7338261
2765663
65668
8092175
4945235
5408066
7358248
5827281
7280686
1278953
7526236
6619615
2442889
9871446
3494778
5695161
8032041
3818253
986062
2414647
1178781
6705623
3598086
7640781
6724495
6805641
5231962
9338248
4162403
8289634
8816139
443402
6905665
2531289
1620689
8141941
4197255
7343050
1967570
8695405
2267300
8979299
444136
1039909
6961535
8277718
1274279
3035051
3372400
570119
5790128
506122
3638477
720024
4088042
7556440
2789705
4247389
682560
1693448
2658585
552828
6155497
8094699
4400968
2080804
2831022
3615927
853317
3267856
8270864
8991166
2108053
780206
4069782
2666478
6717275
1749780
785834
3710638
9627647
7024399
6802576
5551596
7710702
2579403
6845431
1872430
3809845
5420422
7674923
8197325
7421062
7873129
4650495
6509881
75122
791918
4968147
3926321
5976474
1198060
2810723
5560891
4140142
9471946
8524725
4539226
8867174
9919550
6156452
3878893
7490968
6710593
8484419
5482586
9783293
9290924
8636241
6450697
4732703
2404752
5781059
2418145
8674238
8387222
4103469
972736
5785227
6789306
2278367
3394973
3896275
4547135
3807541
7736972
9810510
7904347
2028948
595486
75657
5333193
4091752
7353957
9825105
28504
417280
9273662
8567890
4350637
8015794
5445492
9717102
9180843
3553672
154378
2870968
3305992
142317
5504679
7229767
316803
780184
9996962
4631061
5980858
5202146
4110785
3600026
497816
620520
4212624
9981443
9135013
6092988
5242856
2826169
2639136
7484251
3196997
536749
573799
8049414
7027344
8828380
6474442
7600052
8206842
3375166
5557711
3914747
393448
8224441
9001443
3274145
6323539
9089148
7719784
9427469
59414
3064923
5061385
3831082
3416276
1548290
3295783
6165992
472215
7738017
4582146
1875093
5204399
3105370
2334649
5884354
7301335
2630125
2252390
1976956
420278
2877468
9284378
7496634
830860
3828786
6400243
5039856
9545045
3265113
8866062
1568260
9372407
7481145
9823854
3330964
9432614
8891947
7653235
2799592
6015307
6288967
8121371
5413600
4462532
8573708
8227965
8693457
5229044
5054489
7493535
6451201
6701701
3651516
139356
5183694
6153987
1356425
9706891
2196108
5341308
2017597
5443767
2235469
5530665
2979184
5215298
6583343
5084644
9679638
9862612
8693050
9866817
769874
2179048
5992343
2222075
4000794
2537226
7313656
4055288
5312317
451929
3316243
1953457
3633237
1167067
183860
446200
7130729
1190496
5688068
3438417
7388144
4767345
4061985
5881933
6167715
5355299
3435285
3018606
8960190
5320217
6203504
7052570
1712380
7563067
5919029
2675599
187148
2052922
1079922
686217
8820713
3973819
4767195
9695323
23013
8970417
1344593
8859487
2174413
8040609
2934916
9269022
5647230
1576692
1652741
2340195
6738034
1535697
5809809
1223106
9626664
3344351
652174
9626676
2405814
1517500
8528993
7507155
5557091
1551339
8967700
7313155
2634016
8088628
9299402
4078817
7499115
638062
1097120
1629840
8781764
2139953
3305996
9338308
9069733
7659970
2418622
7761561
1953844
1788135
6666464
6994025
7062625
8835383
5670253
6757726
5555544
9228754
7088300
2997769
1120690
6084265
7303666
3097282
7384764
9161224
9002504
6138627
5622911
4467736
277480
1586152
2716386
7114150
4043947
9810915
8552695
8758996
7195826
172835
4242814
1813580
6995830
1195378
4508572
7810308
4044013
5731366
4140883
7326655
8168067
4163811
499016
5829288
501070
8978997
6306273
1627448
642710
5018565
8742500
1367659
1594534
7389811
9684528
1522323
9650478
1554454
1863426
2579944
7847785
8385781
5839232
1992143
1944134
5214002
3065669
7774986
5936797
7527592
8644739
8724418
8588387
8577509
5467884
8226258
1550271
4974975
546559
8425175
22831
3542786
4066987
5357146
9394726
9482277
6912902
4333231
9177649
3405501
1461034
4277129
8594442
4405269
7648696
7887439
5865060
5283060
2478073
7500903
4254468
3210595
8604108
4462246
4447347
142708
5998366
2680465
4382221
187253
3226157
2877967
6169562
5834239
4631011
7994399
1007880
1705004
3783117
4632222
8498105
9626426
1151323
7863834
4481389
2815054
8736747
6155304
430432
4469326
5672285
1691540
2253454
1190268
3729258
5946941
6275608
7073057
643198
6866303
1769972
7787313
1156042
3116053
8303303
6475199
6321866
274813
2878276
6161571
9059272
5913568
8262632
3970460
3554469
736644
1206623
105214
846775
6931866
1212074
7221170
3814729
1545120
3500972
7287181
7081109
9292016
2873956
9553501
3860273
6419359
2352171
816754
6667805
4102401
4209729
42065
8389392
2085434
4486653
7550183
4049275
1245262
2379970
5328330
9909216
170311
6561942
6304245
2911103
4948736
602981
432666
7089542
8433500
4192120
6428320
4989850
6910993
7876173
7585978
7790328
7835123
3414885
1642632
6197410
703675
9181293
2813031
4081913
3212994
875150
6805669
2159404
1111820
4475916
5531156
9912202
3270042
2815335
9191920
8475885
4345490
9253580
4672975
457236
3389321
1759294
7849593
3241182
3506262
3730711
4048544
648570
7466093
8842717
1488372
7920455
1265826
5592248
3997565
8731284
6086166
6349776
1146288
9981712
7813609
3760834
2602381
7457364
4245954
4433506
1397704
7614320
7475939
4476291
3073544
5811528
7554600
7527010
702220
5399260
5425560
7179612
4182753
229443
2508602
8837792
8570937
4422127
3912237
4303809
1642191
2749920
4443233
5848347
4935625
8692053
8164415
9664134
897676
5236425
99862
2483397
80073
6787709
9647004
3940395
9943439
8468265
1268546
1235045
1434072
7167327
2169501
1913473
6221936
9953629
7523543
1670754
9431490
260095
1836979
9637517
9392596
5459141
4564317
5873388
7393258
998286
2169271
4897124
1060491
5891267
3175251
7349062
7566916
8609530
3066750
3023586
9013076
6066917
9115627
6736522
6511149
5935241
5364152
7162139
511744
4662436
3267000
7093136
5724756
8728789
1375857
589701
7676347
1526642
1551780
8515426
7030926
5962304
5013681
7836319
4248644
6520075
3242541
5375294
934088
9421752
8383190
9799167
9129924
6815818
6403587
6745224
6254724
1339560
9547264
116269
7579120
8618778
294593
9820568
1383302
3506828
2446101
5903984
6708202
6970858
2598935
6464468
8410603
2508215
2521954
634768
8341963
6223162
5311334
737881
8149006
1519325
4318240
1164367
1269475
3539085
8486905
671736
1950592
2662383
9824863
1808286
3387960
6710898
4521271
3188409
5532250
7532202
4892725
8297790
2570485
3468752
4828446
533332
1328870
5522410
9642213
5341347
5931320
1301681
4107222
584548
2306443
5219099
331751
3832935
8473769
2862540
3660935
7411787
3562579
8607412
2565295
9096120
8688705
4224077
45828
3548364
5983896
8054914
6486552
1402765
3342278
851589
6510695
7555649
1557685
5043847
29674
5252610
9799458
9418953
8174508
2143780
7585976
9978707
8995621
6971125
9843505
2641642
1888426
8285120
3891894
6254549
5910463
4049086
3313094
9723437
6256544
2870257
9670107
3769706
3795076
1428165
5646826
6391210
635967
3625641
3195541
4305842
436776
6697948
5548750
6918842
3215744
9997868
7592253
1274591
5207924
4759868
3482896
8586228
4158650
8554658
3015944
1417886
7508213
5966213
757600
9153780
3308515
7464576
871999
3702529
5521119
2139045
1461593
4978913
2353050
9256196
2068783
4883608
9742057
7075840
9377789
6246285
448276
98746
2758337
6074158
9774265
2362334
4603715
3636956
8126389
9468040
5183441
1359536
420412
8676779
1351567
9881917
1233345
6320931
5340525
9249347
9876207
295886
6006750
2170593
7961710
3300315
9099726
2110967
7952896
9193834
9071532
492573
3607268
5269800
2664540
8987395
7150592
9731768
5831161
5944726
5925430
9461308
4752435
7862387
4004271
3521293
611035
9292792
2381352
5842709
6832698
5382502
4073645
3154084
2372471
2267115
5883926
3749069
8939212
7799237
6002816
5280615
2074428
628005
7295736
4408782
4609665
1538819
5824565
6684567
1607523
4953274
3522997
9473327
3890879
6392153
2735674
775855
7466891
2768366
5877984
3377501
7055815
2784094
1749141
7321685
1601954
7308274
5378227
6408368
1612043
5243767
9736
9102445
9611210
6480697
8485701
6647530
1660761
9086573
7844167
1744428
1718610
8615138
400029
7695090
1363040
952114
6493528
441155
692196
8744295
9723609
2022344
1937075
9540808
8907540
867786
8750596
4859566
1054834
4500042
3327888
9324087
9280277
7187801
1524791
4797680
2797270
5750213
7264627
9525413
2180654
8387025
2369681
5591499
3733657
9778012
6408407
5785477
5178295
3188155
8260573
5858472
2538283
5310657
9835239
2061174
4093868
4795312
7931752
5561347
6563972
688735
6716359
4506678
501445
9353376
1013463
5166709
1759189
3057272
1536130
7869295
4154175
7755089
1358072
2752956
2798222
2786459
4423090
1591859
8692293
3617965
6428439
9215599
7832229
8604645
8275466
123610
2323316
4975601
7866507
9680828
5991178
5264135
9748554
1680541
4198531
1764766
6314540
5933142
4422444
4182477
754788
7687572
6462763
8981347
7835492
7587764
2949709
5549405
6212226
8703061
6580518
3197753
6345718
2371100
8267181
154913
4489073
5021427
3685318
4972162
8154180
4576079
1578026
960770
2245232
9224299
5617616
4653993
9288988
9392900
424682
9997974
7986077
2924567
6824758
9438006
277439
4091562
2298689
5447985
3865497
2209522
1401247
4005381
1086400
6162181
7715175
3085823
5955059
9471526
7290874
3862662
8079776
1488741
9605529
533579
2730704
2031297
7816319
8272219
952595
3527054
9775612
4114617
3509521
3854790
3485569
547584
8993178
106447
5481410
2788796
2876
1564911
2828677
2816501
8733692
876209
2069667
9854019
1500889
2860393
2617535
4905728
6500466
9871294
1382420
3393393
2578872
5082804
497415
8757804
3929666
407238
6817296
2541981
5478069
6189610
8167334
735226
6861995
6524463
2685391
1065833
1802547
9392948
8774040
6811736
2476115
5459871
4828743
3457797
4352545
6316461
7633637
7148072
1324401
6775065
8521846
4095079
3688250
5343848
6516587
8966625
2954240
5683947
3469127
5252064
3506173
4202949
311512
777970
10684
7018803
3238687
4082909
6756656
2954271
8514668
2793654
1327925
7247693
4474378
5117570
4173552
7992693
5741398
4839293
9477508
9253699
9510817
1139893
9634956
7910518
8068831
1119674
8718259
7643573
7424047
2722598
9854125
993412
9715383
9066813
2642765
2030201
8399219
9052282
4393640
9068044
7434324
575467
8801662
3777920
4592813
8924047
7928171
2510434
8848248
3607812
7622404
5211508
2519945
5034818
5294962
7124284
5573286
6608998
717634
5668686
7310833
6918442
9546316
5985502
9767362
1762353
8648085
409620
6710116
8754223
3156196
5588664
8115732
610698
9027508
1408796
753099
9325037
2867224
7392353
267534
295007
2097286
6021500
1680312
2056114
9588368
2373854
6294694
8937805
5185097
7132966
6601398
1990922
3477063
6302665
1915119
1862347
4062851
9499657
7962182
4251795
1431324
4580727
4385339
2370676
8550121
9662880
3654556
9091777
7890972
1636233
3482413
1986254
2767670
6386163
2876756
1942748
520633
5878369
6423441
321939
8438404
2001489
2524035
6442795
1275755
579075
3507777
8399120
7872575
9493462
7846823
5607390
2667596
5525334
3162550
177694
2078793
2423908
9459522
7845257
9484601
8725375
9142855
7131664
1930046
2331839
5079087
1653977
1804063
5828896
1342234
6618379
4440103
6406181
5643515
5213318
7852320
9453680
4519138
8000744
2621017
54609
9311616
618558
6804329
3179462
7389534
2238536
9271057
1514746
1862530
253985
6882006
4782033
3799452
5894317
3828227
1956526
6940763
3969307
5914862
4382128
7954657
4391177
3517354
9799550
7575514
594586
7617199
187881
2857625
8850148
75949
120487
3924897
7631809
8183151
1550571
9923946
3095798
490708
7963329
6679684
3587108
1723352
2103132
7937989
5904409
9324560
2514422
9007372
1756718
7060967
8110282
8220708
7224278
3938761
6245853
1040139
8132374
8297967
6563262
5608435
3426229
3397005
433800
122219
8740491
8188285
74262
6999997
2446750
735606
3432478
4426928
3772950
5417033
9753402
3750866
4928232
7046402
4321538
918371
2093440
9889984
6101528
2591683
7300496
910869
9684544
7887987
5955272
4847485
536861
1622964
9909088
8890287
5093605
7450601
8445133
4422856
4031187
3366513
8718705
7690318
1786007
8961600
7814749
4257198
1429379
6163460
1157974
3468425
7928538
4396426
4199427
3866
3022932
174589
2154153
4136972
4836704
2655453
8277642
576071
5041854
9959426
2136845
5456965
4843859
7618692
154591
6729160
2761225
8113880
5772291
7592620
5497808
3950930
181587
9312991
8001539
828265
5581028
6734943
7224486
6778124
4749815
3248084
2507042
8379264
8033763
4917485
3412746
5030989
7111074
5382148
1616424
73967
7204311
4532953
8706050
1245851
8461285
7142089
6941957
7873078
7100655
5116104
381177
5537170
8711459
3442341
1404925
8014392
5553232
4990158
3511172
4385734
8745473
1798347
5622810
9031648
5535655
2354864
7087436
7840410
7902073
5888179
5174447
5856476
520940
9029616
3869811
8532609
1419612
3249360
7492924
3002387
1169906
9295505
8632765
6420492
9905774
7403479
4601452
8435173
7120213
4066799
8521522
5738267
2186283
5684550
1750646
7384089
2400720
3524699
9309640
7431321
7844286
6824744
69398
5103551
9165667
9524299
3383582
1705304
1709152
8929954
1151685
4053269
740130
2001104
152170
7389279
1054227
9542277
8211241
854286
8831929
682243
2480131
3313187
4540528
6736855
8329665
1485079
9321633
6362460
6255827
9704993
3960224
5724746
668520
6887656
2789019
1435977
9247297
169858
1085081
8646089
5380851
2931812
581512
4889698
3826370
5968041
566770
434761
7808665
702159
4803857
9861199
8887508
1640989
2811899
1399964
9196457
1159389
9117691
2578429
6667013
2267023
7704639
6129921
3469909
5025649
9781038
6938357
9023145
1548140
1039007
9982321
9906869
1896438
6734386
4203667
1870493
9151200
9982059
4681258
7602961
1082081
2680295
2019973
1078928
3231593
5519439
5713346
5842253
4789653
5316804
8915387
4391213
137020
8495474
4923778
3744001
866796
2133402
6424339
7288662
9242221
2527559
5999352
2359344
9438049
8624952
7357841
6714451
6091718
3514240
5303808
5456316
3087564
7333523
1410676
8042870
9809680
6757160
9700320
7954789
3680234
7263271
2637559
823989
7370722
2168824
2712538
8588139
3790884
8607104
8796642
9021818
2720611
4047765
9920025
4145321
1466360
765169
1368777
2557285
7051989
7816863
8510721
1061955
5131108
4710796
9519248
9115469
4775587
4274174
5133414
7140334
7093646
6217902
2776005
9124571
5319569
2236811
756030
9986480
367693
7971398
996747
1920546
747544
9194506
2634999
4908021
2982562
5514592
9333445
4186595
5738139
7159086
5950442
7606285
1465898
1315659
8196207
7893422
7634616
5131684
5144295
9703122
3777429
9441796
6922416
9463437
1535092
2409774
9475350
1067297
8681772
1324632
2832822
1681341
6467630
7437893
459230
5801904
9478607
7833876
7262172
3888482
7989542
6761451
422964
342537
4692950
244504
6010870
1190592
7576892
5879646
3299569
9262916
6360722
4019499
6386936
3232691
6722542
7185863
4210815
4699034
8643730
3559466
1064924
3917456
6198138
4270123
2317560
1211209
4582186
2471355
2681660
1665045
2569060
8495701
1589958
9633339
9954876
5010554
3170898
6602738
9021695
6043344
4836898
214099
5604338
7730708
6385621
1061803
5896175
8207766
9157111
66630
7491616
5419225
2766464
2603235
6750338
7187487
5263605
6472133
7189941
4268800
4781918
2105150
7194436
5609779
3435015
5973630
9810367
4668730
3959432
5702148
2894104
9223639
2876745
6692127
5068125
4741241
1260929
814274
3698682
5366839
2703078
6735356
3509204
2513135
9454515
3042004
404797
7011960
6322022
4765376
9809527
7492605
3990100
9313895
4891691
980859
352821
5898535
7311488
3827061
683147
4933220
2650391
5885480
4415557
3092535
1211721
5037139
8744005
9244651
6444191
1181566
5941130
2862027
4514458
7694823
9533645
8661826
252452
9054464
4002377
6717407
2381756
4606563
346618
6626731
5282800
2492924
9304023
8905409
730428
5697934
2076083
7675749
17580
8252895
4467658
6925699
5924854
6636542
5580010
9264294
2897052
8649354
7170397
8870362
2306687
8119133
2251406
6337594
9326952
3077581
4992153
530563
8478781
6596058
3730491
1897837
4818576
1483591
3251484
633741
9463207
9673907
1913029
3591388
5458127
5938698
383210
9462122
182124
5574099
3877787
944649
6324339
2961897
9931080
7793520
9943565
2178593
8955404
1353275
5795207
5923987
3162203
3907875
882851
2600907
9274989
3864523
5431178
1178057
8438845
1408027
8870
4275973
4276995
4061247
2156949
5333862
390652
9268455
383648
1214620
9840347
1720824
9433377
7842102
1907080
2537059
3466287
200655
5366686
1349582
3526378
8994277
7225566
7849827
2125857
7618470
7920643
2815307
2250259
1723087
3174554
965924
8325184
8877094
9401684
6958945
9918242
8505611
3100488
7619661
4187500
4383988
5303503
1360528
4502812
907868
8366571
3916213
7911728
5310486
3600428
1950965
781025
7969161
5365523
2265961
8130200
8629811
5414706
1510234
8112712
1006155
3535298
8459878
8745178
3744037
6461816
396237
1379333
8081673
5762832
5393960
6496578
6604819
7994055
9468541
2290100
707369
2049492
3319911
911602
6627766
1018324
3444622
7673335
6497052
8275803
7518208
9423181
9948679
9968598
3624819
862415
2621015
8558426
8203867
7368652
3887820
2448420
5212055
583923
6278754
9496479
8728567
9468406
6427913
9049101
4196224
5315801
7623647
5814469
8888790
2730523
5671861
3366563
5702414
4087579
2083114
8283396
6764505
5885756
142439
1864863
8876281
4166458
2132321
6182034
326074
6530659
5866500
5293830
5273675
3757490
1482936
779337
4388961
406815
7874196
5238270
7719632
6463602
3023879
7026046
751404
8741826
1263968
4794555
9333968
1221675
165343
561898
2349561
5670397
7025514
1185690
3332835
6692084
4831619
7484121
6057136
2809434
5591439
2415238
2921928
4147412
6022172
6776947
5599245
119542
3321578
2017636
4289005
4321254
443237
302965
3152903
185982
9839434
6280008
7645027
7600482
1511361
2690227
66888
5919232
3711356
7522318
6318940
5200778
998228
8174112
4361312
3696788
638792
21639
2814526
8064286
8478177
211087
9556167
9473102
3817265
5069036
4803453
8056259
5949489
859854
7407353
4847521
9026811
6125912
95957
5846479
8213894
5176308
9607770
2929820
2811980
5121189
4095185
5702910
6062123
2996076
693526
5832660
4322931
7872109
5980626
3009615
6464144
5944555
5842124
6884940
352376
656492
7345530
8420921
6209825
8230374
7158346
8056205
1978056
950939
9726535
6944620
5701827
7327067
81660
2660982
6953104
9252028
247765
3538898
6254576
625920
7295291
6659322
162427
9607694
5005844
1306921
6251229
1658418
7451131
2823256
1968290
4932461
2975862
2617744
4064085
2943653
8081210
1056366
2769792
6388600
7006607
2850480
3408500
6955257
7700233
8616930
9999651
8067373
415376
9337940
2378305
483893
9636337
2854016
8190904
9415830
6536258
969239
6515594
6258274
2626918
388647
9246095
8722220
2902006
7830571
3386180
6623212
2893002
3870276
860368
199924
7209558
8446240
219521
7611185
4893000
5395208
6583678
4910749
3507813
2039274
4063345
3008316
4910572
5374801
7886691
3329430
5858256
204306
381785
2822260
1796321
6845827
4349074
7599843
176527
1227442
1357980
908251
6131347
7000958
3700649
7406649
5569366
8307189
9056652
88586
563724
4369120
9485726
3237457
3494036
5343605
8341867
155688
3633399
7952267
8295850
7458973
8887858
8288509
4944956
8289696
9102788
7698344
6517922
4177487
9802915
318695
2880420
5854836
7469057
9860458
1309408
9793069
2726738
6652050
9013159
7997329
2844400
5947913
8792931
2758519
1376455
4461524
5144537
2921537
2182700
1362526
2457932
2982924
9554802
5273974
3482761
3364379
2574382
7857959
9236149
1385298
4216285
7907668
1661560
9149599
2228733
609218
153928
7559099
1108222
8280490
1732739
5848462
3033371
2443772
2640922
6515442
5895381
6249784
323610
9864134
557437
71543
1233137
1620010
3354911
5470486
5291815
5681747
4156655
4631394
5359036
8068859
304390
6363102
8969793
9868185
5908767
7051659
3397225
8094530
9118719
8493242
1525945
2900447
2586315
9565555
2876314
6685469
9578801
919124
689455
4601841
5847096
501591
3442379
8058298
2587930
7452065
5254069
9030970
7007327
9740591
6218178
3357777
9411192
6233639
1280373
4966975
4596069
8336397
1391610
9662606
3386311
3480049
8655682
4485302
3605642
275734
8353589
9583321
2952624
3067980
3767944
5935670
1458953
1081441
2001009
9692682
9649057
7116428
540418
6048571
9377383
6606597
6957641
2591359
441619
9085596
8680070
2156551
927202
6339864
1644720
1960614
2449344
7533806
1597504
2947760
3286414
8857736
1251335
9287444
969096
7012560
9715649
5222676
9951509
4700065
7579290
3063647
2631108
8825253
3046826
2545904
8172006
1649657
21888
7006955
2838061
8811595
8094624
340471
6868048
3401416
2487589
8732912
3520865
5782362
5459086
4834636
7165702
8997966
5468990
9550874
1442454
5079988
8226051
8432402
2245402
5670628
1876161
9939928
8824300
4125607
6266232
5853340
2032350
6401974
990247
5795972
3934075
3627873
1194597
1949578
64144
5479126
8182118
6544520
3278629
1349690
9920429
7995256
5064169
3365556
9389781
488277
2508441
1183754
5942522
4555689
7429888
1208901
4046678
6755555
2084931
7088999
5169648
5412381
7290141
2053466
3330670
8425444
8628
4481348
196926
4111083
1733685
9231681
980600
6647793
709617
3220024
8387592
70270
5141213
3575675
2012557
9097035
696684
3704118
5658838
1077475
7945281
1622049
8332332
359386
8640865
9376963
6706430
2288520
3361122
9293213
3892058
4792653
3475443
5754994
5277753
9019500
5058119
5358596
7884359
6835409
6347345
2570829
8300757
5322730
6551833
3088199
9108530
6021750
6945925
1597516
6501463
8950978
2003964
6965874
4793046
3313927
7077012
4074528
1182872
7015627
2765499
763604
2281134
289374
5224171
639632
4732892
949122
3554095
1866517
4075632
9705815
5227911
4926249
3760699
1474824
6097481
8561995
4366919
8896476
8482769
153255
8024228
6243678
2476515
2881568
1763455
2383433
3156832
8481926
5105666
5882609
1568675
7926434
6847500
9972615
2510783
7665466
1367768
1073214
5564623
2354934
1867359
142983
5766278
7529884
8632178
8107058
9541229
1031571
5517544
9699441
7027406
9678783
9148388
8495657
2906923
2031742
2998148
1223828
8872801
1702744
6670047
3510032
3532470
957646
2285673
8760900
5716139
1439656
4409545
1452282
7481494
7526228
7189012
928642
5600458
8120591
8898103
5409272
9744481
2915882
2347960
7414668
4375234
5801331
5761058
8778485
3728811
3534515
6729511
9865307
2918861
5454482
867133
2271
9681553
3593140
2816136
9525462
6091106
2372377
5925077
8120911
8843828
73991
6927236
8283899
3247286
7513150
8121255
5250130
2035405
8981809
2287541
2806861
4582316
2250370
8868451
7509443
6121918
6653588
847359
6608802
6096823
1049798
3927009
4200541
9587706
4767543
2820055
3406932
6107995
694217
1388814
4721881
7540096
1308928
3617697
4066125
1296478
4925957
8184582
3796275
41238
995467
9537928
5813458
3504787
2633899
1281374
8452113
5947167
3768470
8928318
4397869
3439771
230700
2349113
181885
7609328
6865314
9780163
783611
2078593
5946165
7355172
683756
6037697
3736545
8095301
9373221
6387547
1704408
7747319
8575331
2541646
7224961
2569575
5122016
1154185
5901656
2744716
4244327
7790136
8993670
737015
3385691
7700621
3978219
7917613
512616
178949
1660700
9876162
4892046
2707229
7475578
3539121
5689689
4159030
4229903
4990094
622575
1376025
7026087
9722937
2137907
1535906
6339727
6978997
8246029
6063536
5127261
9958933
3148434
9952919
1187858
6062915
2351384
1863128
572398
758378
6330141
2959489
256689
8317004
4182325
6898183
6019616
8608459
9327122
5469642
7790080
6701284
5042902
9628535
1837604
9283567
6616270
599315
4112920
1287323
4952121
6244604
6241709
8290113
6862710
8575889
495562
9917640
8663105
3706564
6959370
2453463
9106275
6519163
3801225
7037684
9126158
5018293
1185342
8852637
9754390
437145
7079299
284453
6409536
4462951
4826327
1408682
8353948
8690580
3800037
4457005
1001052
5112356
4086630
8591056
2764011
3285480
9322747
5861253
2190732
27583
6446226
8614272
6650264
6420984
5694630
6990124
467932
3458335
1655442
9177088
739307
2009766
9670030
7187880
7613164
3519125
2140402
2117503
5240534
2154058
3103512
1326394
7956628
88005
6696673
7012485
4121557
1992774
7557364
9144732
8744378
806547
4096812
4827813
1475884
7604078
716677
3705060
8484316
7686879
4811100
6807770
2021156
4219540
9079009
216968
5835824
2896392
4875659
6331483
802984
7782241
5246082
2766386
9973329
623732
8380221
265100
3599488
6160523
7408330
9668048
7765648
7209758
3053109
9553916
5845789
3823282
4606124
9112291
7108302
4070856
9003697
1509587
8623722
1461284
4629504
3588801
561674
4728397
6598702
8763242
1671040
7001526
6794405
3529949
6125305
1829035
1143663
5829714
8409077
3066402
9127175
3362514
3054447
693385
2832378
8390254
4462039
6918124
5040377
105130
9336987
4458495
91022
9355239
7952347
9845568
267386
5999395
2650337
4627471
6518020
9640038
758727
8847100
5032774
2692612
2439522
4430420
7027897
5705675
8805228
5490340
4363434
8249406
4450112
1615840
4993306
5773986
1156750
6593329
7912338
8400785
877325
5347005
3943368
5675899
4195291
8027810
5982254
3756041
5507020
8325363
8353124
40622
9016072
3644011
1227800
5276312
2021521
9718387
8858039
2335982
2814537
150078
879702
282689
4002970
8745717
9612658
4577623
5430028
9834036
6315129
9303331
4051395
7096676
612695
15884
978268
5880373
8947991
1717069
8224193
8384716
4355257
8874328
6009263
2948245
4271805
7882851
9152736
6348372
4121133
2956735
3506192
3041643
4048075
5496047
3790618
4658257
2765559
515483
3352961
7366603
9028405
3291578
8941505
496794
6753281
1186608
7570537
6288872
6287069
3271859
3153648
833591
9590937
1177853
827249
6293198
2131486
740481
4328357
1276139
4876410
8922016
2015297
7885261
857167
8148000
72168
8727
4465220
5083853
577008
4265590
1671482
5997769
9480407
6637941
3965696
1163991
9123572
506490
160413
2386999
4006126
2851029
6634262
8654905
4429932
5514845
1116519
7399446
4740864
7946633
6184786
1541018
4439903
1407367
4112941
2215877
2064601
8502466
2882608
1999827
5246266
5629743
6432971
9401564
7431189
4579899
2064705
7450793
8189183
7805339
1470333
5095872
8552463
6703131
9033809
2471302
475715
8184411
5755797
8494115
4386506
5609758
8526810
5683937
7515448
4887291
872438
4697563
1409415
3727904
5457226
6668790
4345507
1188162
9125308
7159192
1151455
4458634
668709
3034833
9262640
9807165
8432053
2276144
8858479
3629280
5142926
5670274
9996341
4311788
8746665
9045668
7987216
7439070
7371093
1946415
153396
4144815
4364785
4709670
729786
5289584
1694189
2066198
4221162
4192309
2265615
6309243
2485225
3431650
4736883
450702
6817222
6903221
8700972
6519097
6156626
4279840
8524463
6120754
6825023
5330843
9421295
839207
6945657
8381752
851579
8663481
9867950
4298520
2446171
1908561
2830258
9968286
44009
2148960
1010594
2027567
2938515
953359
2408841
6403350
4820059
6521687
6612389
9622167
5428370
7410162
1843569
7390546
3945831
6613340
7506818
979994
3896656
5232614
548906
6810460
2756933
8030364
2794097
4622414
5791185
1007001
4320030
720401
9097648
6581496
1931922
5943368
6150961
5776386
3740409
4488934
7547722
3601333
3153352
6103271
2854913
2105669
2500970
9322549
8679282
4680281
6236400
6332759
5468125
8425724
1141849
9520577
4752989
9812951
6568404
380292
2519149
4313365
5087715
4060307
3611046
4078490
4733153
1152925
5095034
538479
9674489
3062466
1145612
9102610
7635170
2698036
6191722
687164
7608559
8747951
7488425
8513558
9010571
6882063
2591136
6145304
4646800
9620782
2052381
3431504
7943244
8686698
7808074
3454910
1649794
2103086
829
9670604
133152
872544
9574721
8127707
7436191
5466421
1726883
6943382
2772166
8796052
7040781
8777094
1134016
4734600
5478415
2196664
2592581
6972683
2131503
9021911
8933588
9647432
9014870
4331626
3946744
3542744
395408
5002245
3150167
5655418
9081434
9183177
5925021
6068201
3329217
4604261
8480438
8431403
1003543
8480937
1781595
9085740
2599241
1808100
8011786
9642770
5620311
9686584
5672038
4881559
9168064
2442242
6221523
5285309
5935816
8016849
5723631
1734786
2802995
3313521
6594077
8399030
1600854
9614586
7079871
1582481
2611878
8179269
4457651
6493567
6682158
1886443
6243447
4191395
2481568
3628549
9182494
8749638
8584232
4370169
4240134
8484367
3933202
5861634
3672393
8608100
5179909
244161
9377649
7437327
6422893
9623994
4354541
858367
1837102
6246228
9882727
644796
5388729
9431903
5866510
4943750
8421000
3193730
1675001
1258391
6662285
539807
5495555
3510425
5816899
9105044
3754789
7010957
168820
6221639
399704
4129440
5989504
1759259
7853491
5889601
7712620
1915049
6291143
226608
555508
8371184
6742592
8425853
1382762
4984679
8197069
4126417
1121340
9096850
1616490
3290395
1515450
8563609
9410838
1257898
9986134
5031396
7563589
1291276
4376230
6934283
614046
3755415
8479828
8389559
3932202
8319948
3805281
3865316
8811697
1833014
2853399
5810291
6167489
7209716
411838
683669
2481587
1314340
8218284
3790188
850586
5813989
5391128
8084249
3135398
8340425
832030
6781916
9083283
5931207
4623574
8321347
3539514
6331930
1418450
4056658
3148674
1339162
3176505
2933537
1623130
4040967
4214147
4403913
292723
3266475
8117351
1021182
7433299
3340225
5654355
5661838
1558401
8975892
8095582
8420920
6516516
9692491
407982
8771634
9118208
1959867
2248561
734858
552148
9539974
6173103
4827559
1474315
5810078
8795463
4223392
6684377
3689776
5733213
9681727
7154333
1392199
7619320
9326708
8274143
843440
3808087
7106092
2683730
4290279
742716
4263424
2418082
5541030
3477039
4208296
306525
1817740
8697527
6548298
4925590
1087001
6770117
8902474
4131392
8600762
9453264
2846286
1163992
4927326
4209944
528066
6889813
7086671
6653445
4178446
3582944
2201115
847143
9228137
3796706
5650600
8288103
8352559
9036825
9001583
8448044
7093393
5020939
3802548
805273
6869320
7814879
3972888
9857165
812265
5429806
5500378
2221334
7393995
7508172
332988
9331749
8174864
6715845
4646617
4364395
9947668
8437409
3767322
9755840
2026199
8884496
2272982
4175919
8013654
8979302
2629629
1476905
5578109
801663
1984765
3367781
6316172
1913107
9413427
7672641
5110403
9562309
2708888
891271
1515914
8522757
2340521
4515140
6930456
5036512
2888906
7720135
6412026
7395211
346981
6589225
7235797
255416
4667184
1807379
7515524
2450297
7128462
3224693
1523564
9198831
9457745
4048073
3447402
4905625
5722483
7442273
4211238
7539776
8493526
8860210
5717290
2057739
5927046
208123
1938978
2765305
8071525
9110404
9761150
2540105
3249929
7647168
4737292
9898251
9621826
8519924
2078098
1156921
9095760
9792403
7511459
2734545
1769629
1791244
1239030
6977602
3382316
992040
6672439
9466273
2074081
693443
6724481
7394644
4842128
8696791
2589290
6376214
3308935
1069436
9346444
7600766
1106281
7089513
3615927
1447853
8091927
3009659
296464
5504391
1729093
2707852
2169184
929789
4422667
5657681
8482627
4788182
2863989
6798763
693784
935523
4221397
2523415
6326648
1442444
2115857
6706543
9151889
9669800
7291432
2752130
1038770
7298779
1822762
785935
7740252
4128958
6656517
3947833
9620262
2039135
6946900
6992448
4295530
9985488
9370364
8772464
9581591
6718725
2962744
3481481
7320088
211931
4510171
5842483
9417206
7476552
2950767
8893491
8131840
7461910
5631353
7520301
6972501
4363138
2313818
6748164
19429
2318177
4675812
406330
2880217
330721
7009548
7913997
9153369
1773271
2857792
1373714
8143183
4790399
1689300
358511
1435975
8616264
8603427
3016543
9245858
9182115
3839112
8278512
9038618
5704584
755538
7639751
117298
7020640
4054914
1399690
9276046
4433509
5940104
239908
6802891
8884553
6600601
3269917
7459055
9381889
6920671
7489133
7725558
886840
404518
3426752
332315
1957038
5585096
6807190
5926773
4194430
2065369
6777119
8576105
8420052
6433305
2576221
9030244
84181
7863333
8581347
1491501
3437040
606986
1038651
975522
4235819
6662745
6676117
2046479
9449588
4795242
3685026
7347114
809888
660746
5763220
1403705
8030503
1460918
1092055
1877968
4004231
6390965
3319143
4826962
8409445
6321825
8013893
9985049
1412996
7799040
8597518
4846742
2845958
2487678
8067247
5051709
2842098
1514427
3951116
2482882
5313077
7960398
9412056
9759
5130549
2020813
3827543
1722285
8066710
790011
5725478
5431124
1695846
1003602
1312851
544977
423733
4495711
502635
6733961
5921622
3183963
1734568
6295493
4532063
4037386
2059660
1907545
1213197
2577752
5703785
3255726
2292788
5500325
2108979
5994795
8518529
8312387
9915216
9516793
673298
9821084
1267443
1374604
7463880
4450793
7657535
9494364
8396727
7433178
5293231
5702877
4563808
2257975
8202002
2048963
2349394
8942048
2478348
3023611
4441822
9480143
5803083
9816188
7408666
8981092
9274098
6293446
7178735
1190271
1074984
1547306
5677875
2736617
5156121
3820739
423305
1453698
5345646
4415333
2939564
9443852
3151212
8335049
3646722
8860873
2579802
3608703
1944828
2816150
3934706
3947129
6017842
7284102
8884503
5943919
2012387
5272877
3501068
7458391
8797497
318589
4719958
3912471
8732798
4023647
1727005
7733559
3032468
6270173
8860375
1422004
2239221
61895
3597143
9179279
2441946
9979820
934357
1084803
1313839
863295
2357028
2801156
5667947
2480223
6728993
4185849
827273
5585298
947758
7149647
571403
573827
8081362
7844635
5891044
4034854
9681859
6452930
3837223
5757302
5257923
438638
9647681
3408211
3795086
7910920
4078686
5869073
1084042
8227309
92022
5752455
5239178
2010063
5083462
22547
1975417
7467624
8836988
5697936
2129204
9100470
4741797
658176
104085
6677592
1014835
7827788
6805908
1958690
2272590
1671585
3584691
3978967
6822533
7143362
9046148
8565216
207622
6176770
6158292
50010
2452806
4580012
736923
8774442
1119638
5218104
9337348
2302588
2878939
2515756
4910558
6335874
7867684
6742775
5686202
3723342
2779716
5057937
4303251
8122934
3876809
5214577
9829206
643916
9065628
4097434
4921215
934690
7269762
9181088
105981
8766430
175281
8630818
8092629
235070
9503880
162825
3130231
422947
7634074
3859550
7139017
7901635
276483
6013498
5277750
8394520
7077817
7003665
7456786
6559350
6107380
2361090
144940
4613194
6361606
7324145
8082595
1899850
982207
9548539
7824188
9312891
3041912
4846177
5727434
1500483
2341029
6229334
5052349
4925176
6986421
7315388
4576187
8051379
4493588
5375717
3519533
8854632
8745576
6483131
3033313
1989422
650918
8207636
4149266
8167201
9738482
9639566
3431676
6033127
4904042
6025152
4543306
9033359
4059796
7735799
7340310
8844662
5044845
8747692
1482808
3167841
3963507
9946996
8383466
9239386
9053764
1999008
1422074
5623908
5299333
7903146
2687173
87173
1711149
1784865
8583352
5064952
3016731
7180959
2644159
2143747
4332854
3295404
1368557
3154979
8563064
1429277
6290952
1661418
353377
3340957
5960964
4979324
2020929
4696381
8449199
2992819
7377908
8304014
5699571
83171
4227860
5103635
8759400
3632922
7070090
3064279
2355358
7421213
7028498
2960563
8114150
8309105
1523404
370686
7874963
3771642
845190
2498352
5586471
8203477
9560361
4099633
2309257
782516
3131030
5600386
1739093
9299254
3144494
4474229
5619984
9482107
3352085
6734182
9340366
9550566
3643310
2132527
7151733
2884767
544225
1977083
7011066
6498466
2784224
9237469
9225784
144644
282808
315222
1531177
2389663
1263460
290660
6230703
9694354
6958581
5457327
5939971
592232
3040300
5871553
6070077
9490722
8859234
5011868
2085165
877164
4258140
3179037
8679733
7796313
4145074
9281026
4925381
3581941
9344226
725103
2884940
7413572
2147746
3570820
853716
1228933
9422858
927226
5587174
6592072
4926623
8331325
1459946
3021760
7174356
8099188
4423891
7315863
6329424
9578187
4042391
5982809
4502461
9345723
6820430
6458829
4287101
6049253
5093911
3151364
17159
6764869
3157950
7534214
807788
1083908
3010453
674083
8026741
2393320
8708332
1715933
3944769
4785932
9375516
2646759
1501289
3551054
8375862
6755667
7035634
8227654
1133264
238159
6663640
7999085
4628907
2363948
582162
1894349
5463215
3025181
8276443
7279813
7250733
3818464
8764554
2368347
8367916
3403133
4414872
8676609
4139794
9595899
2523953
844544
7962402
1959455
8035158
4063393
2606995
3406415
659288
9654985
5219371
289962
587957
9485657
180998
6920690
7287611
715934
3746320
8300943
340923
1666485
9996902
5360789
6946394
6730883
2732838
9412775
1008540
4374793
694209
9136394
2968792
3734151
9134440
9606803
9752450
6949879
437256
3776817
4144344
6989283
7396912
4807635
2386229
8581063
837463
6293013
3372657
3951604
2467066
9882596
3223351
5294894
5862217
992369
1985891
8267891
7028371
1129673
7647328
6045783
1705719
7765690
557905
724240
7787163
1531525
3742094
1036638
7171441
8274325
9001716
6789949
5180058
3799322
4098364
3246584
3720999
7126083
3942764
9254910
3596754
7953568
3852098
7809460
2318554
110983
5965303
2292616
240992
8747772
8623285
5528569
4759455
3220919
7173609
8586945
3032255
2861140
3945169
7823558
8153191
8984269
2955197
2301779
290194
8968092
7560847
7181840
9591338
3314019
6205817
6537982
5955397
3585781
5655620
7453693
6831754
1601879
9972006
6865794
5485095
2277400
4597490
4905233
186543
5033450
246076
7825824
8550310
7606039
1707188
7628210
9668155
8599887
841252
2170515
94406
4145950
8701023
4465812
7786329
2193750
9272026
1870738
9093576
6139384
1573465
3925858
4247867
6729389
268150
2072249
7571020
9285863
8823698
8609831
6836180
78299
7616579
4557826
9392864
1353782
290026
7924542
1210433
6338140
2296425
1809132
6837429
2112827
3428415
8589089
7365141
8910507
5676557
8723152
6476129
2897728
7127518
9631000
361001
7480717
7930971
6072259
5793329
5733356
8045457
3963243
3593140
7348005
2114139
8291865
7603337
4122889
214698
1872991
8338078
5175984
4145995
1241028
4715436
8178779
1823997
7284555
7916609
6150806
2092657
4573404
6577086
7101921
2555466
4713365
914939
9115144
5539798
1693007
8871426
3638468
6908297
7999991
5730939
5257797
5631309
2044327
1983376
6508916
1521300
3329144
1065367
9218915
6973214
1682712
1275452
5178992
3840687
7201760
3744409
6188543
5273905
5835800
3173763
2951452
5827780
4318255
3702543
5853693
2801118
3707087
9476924
6516324
338993
7516273
4237808
5352648
348861
1062062
9827000
7402410
7342919
1733447
6715289
6275946
5734945
1119910
5335878
5313321
4279592
1710624
1210615
1930191
2199638
5753375
4345662
3297159
7789138
5577969
3353680
1033555
6932
5152723
4459081
1963177
3831438
6399844
5704840
4466372
692447
781442
824872
356561
5634278
3296786
3895187
7721038
72399
3368356
2856534
6418579
4390074
2250936
5151374
6988366
597875
8932445
8926297
6213358
1879674
3042590
8547406
2107331
9564691
7532798
8611787
530383
1550194
1921192
1346651
4398856
4409399
4656323
6216244
5909726
1123251
3516414
8655932
7799541
5715651
3577191
5351212
8458712
3371612
9491596
6533621
372237
6605256
1886079
1201351
2086651
987274
7123761
2155379
8750460
4233566
2688847
4569263
1538177
7592911
7012375
3509247
6774558
5429851
2178127
9446543
203548
2824755
8867146
761529
5888647
7307013
3283147
3315378
284705
6996654
9216513
5620293
5808628
8776219
9616540
5434243
7650589
8309660
3313952
8773472
3348485
1622711
2771396
7955216
3976984
2001159
7988892
6265971
992878
7110524
2651082
7619660
2228674
7394754
5311702
2511701
98155
6700031
7839486
8718527
4031838
435593
1915515
4337658
7981481
6709088
8811816
5703202
78822
3325432
4067808
5344068
5435161
3257330
5605896
7645026
8310343
6303407
3246637
3691989
1532546
4672936
7797074
587059
6468603
2848455
4155087
6567457
1918566
5878227
5280277
7102720
3074541
9855944
2299051
8022203
2803307
1629922
4232871
9557607
5277703
4434802
5315868
9092649
2798901
329919
723031
4096626
1695376
3635197
9176093
1283845
9211687
9037560
7239309
3028808
568795
4574917
6512622
6595612
2011801
8592658
4148155
3901617
7726198
5408801
6955373
2041595
7497244
3787538
9640366
1817907
3783090
394075
996509
1840501
4733091
6963468
29061
9165119
6456785
3923600
8978437
7769693
3085144
7764857
6820378
1246938
6462927
7006460
1711160
4572693
1732998
9940492
4218649
8606435
9860201
4912185
5826714
3897352
4893118
9883547
9543612
5022593
8105744
171017
5734629
4945114
4283498
9073984
8583742
314358
76079
9247643
852841
3642196
3038329
511821
3612762
3522162
8090607
4783293
1074572
6275573
5646497
1614737
67958
9487436
5608185
9767002
2293255
9886775
170441
725340
5043197
5149743
3652326
7652131
6499831
7635567
8744820
158867
6734758
398536
3171898
2489611
3969725
9932892
1445244
2853044
6981909
4240760
4361451
6449489
2419631
2679410
2449976
958794
767026
2065401
7285025
6885604
4190612
1205333
6115949
7119206
2909354
1522843
8144343
677946
5032275
5852472
8276392
1359452
6475505
4289393
5731442
3267509
1139022
6946390
9692724
1401386
919861
1469106
3195319
9025866
4168983
6875127
9410934
1522860
5665086
2657053
2037874
3385299
7237559
170053
7602267
2896918
3048721
343240
9478131
4840352
5236674
911986
5040903
8997189
1977639
9831093
3868949
5735769
5259425
4970474
4068112
857815
4059155
2338780
7896109
9779383
8266773
6023809
4622393
357253
2090361
6603960
7950541
9917188
2411724
9025666
8310827
2552563
9014483
5455034
367921
4465841
4697324
3076733
1934511
8162337
8304665
7712331
6374339
5550840
9519871
4100749
3833960
7922620
9911429
3710383
9670065
6100301
7408058
6404448
9316822
3442033
4681998
3589441
1432243
5604452
2119322
6015145
1074646
1025827
7119891
2557838
6939135
3700229
3865099
5779693
4104686
9446781
3363482
2744547
7197363
4036540
2145641
4735720
1001273
8917403
311508
2901270
3627157
4814030
4767654
7152850
7909151
4077014
6498810
5443077
9723716
6174073
9308848
3767342
1487133
9627724
2595660
8578073
4173292
8365589
8300047
3830567
7648609
2036048
4124626
1907963
8084254
1775448
6630797
2546743
5567015
6820437
3658934
4246343
7437789
5042029
5841503
7160444
8218046
8536692
7581841
4862867
8818583
1442394
1024670
1857379
2122209
7675893
6710245
1393616
9547498
6401685
1504231
9885357
5733037
2401101
1788506
9098001
6287518
9008373
1682501
7298445
7212004
7687762
7516528
358907
4625738
6694113
4621948
9607953
2054434
2410788
3812076
8805355
2948389
3504174
9622831
6981099
188469
951344
3351574
5115819
7528158
9400159
7585964
2292426
4454051
1915801
6052949
299038
1739339
7963597
8741642
3632240
4334493
3308516
3779106
1578115
7595962
6090782
1578879
5408056
9449003
5052135
9384912
5397160
2184078
3465806
5357118
6954388
114001
5883841
7097519
9530816
1041943
3690136
2496710
4034844
1730536
5518857
6742956
3890802
7043355
2360829
9171439
5700266
2113782
9550361
2869986
6100124
1636238
3362807
3026688
8904506
9897640
1278730
2231128
1210338
7652590
6601063
8206702
2433327
4297699
7109461
4590726
4104840
2497260
9033390
7357282
4745890
2612555
7392450
9804742
9093374
167050
710946
1077767
4325300
6324207
2007514
5702222
3305791
8277181
1488493
7414798
1897577
8643388
6534870
2368089
9911183
3298279
5637452
8695596
9195455
9773543
1997391
23081
621989
9109405